# DIF   CHIP    CHAN    X       Y       Z       PLANE   PLANE_CHANNEL
0	0	0	79.5	900	100	8	-1
0	0	1	36.5	900	100	9	-1
0	0	2	423.5	900	300	0	-1
0	0	3	380.5	900	300	1	-1
0	0	4	337.5	900	300	2	-1
0	0	5	294.5	900	300	3	-1
0	0	6	251.5	900	300	4	-1
0	0	7	208.5	900	300	5	-1
0	0	8	122.5	900	100	7	-1
0	0	9	208.5	900	100	5	-1
0	0	10	294.5	900	100	3	-1
0	0	11	380.5	900	100	1	-1
0	0	12	165.5	900	100	6	-1
0	0	13	251.5	900	100	4	-1
0	0	14	337.5	900	100	2	-1
0	0	15	423.5	900	100	0	-1
0	0	16	-1	-1	-1	-1	-1
0	0	17	36.5	900	500	9	-1
0	0	18	122.5	900	500	7	-1
0	0	19	208.5	900	500	5	-1
0	0	20	294.5	900	500	3	-1
0	0	21	380.5	900	500	1	-1
0	0	22	36.5	900	300	9	-1
0	0	23	122.5	900	300	7	-1
0	0	24	337.5	900	500	2	-1
0	0	25	423.5	900	500	0	-1
0	0	26	165.5	900	300	6	-1
0	0	27	79.5	900	300	8	-1
0	0	28	251.5	900	500	4	-1
0	0	29	165.5	900	500	6	-1
0	0	30	79.5	900	500	8	-1
0	1	0	79.5	900	700	8	-1
0	1	1	36.5	900	700	9	-1
0	1	2	423.5	900	900	0	-1
0	1	3	380.5	900	900	1	-1
0	1	4	337.5	900	900	3	-1
0	1	5	-1	-1	-1	-1	-1
0	1	6	251.5	900	900	4	-1
0	1	7	208.5	900	900	5	-1
0	1	8	122.5	900	700	7	-1
0	1	9	208.5	900	700	5	-1
0	1	10	294.5	900	700	3	-1
0	1	11	380.5	900	700	1	-1
0	1	12	165.5	900	700	6	-1
0	1	13	251.5	900	700	4	-1
0	1	14	337.5	900	700	2	-1
0	1	15	423.5	900	700	0	-1
0	1	16	-1	-1	-1	-1	-1
0	1	17	-1	-1	-1	-1	-1
0	1	18	-1	-1	-1	-1	-1
0	1	19	-1	-1	-1	-1	-1
0	1	20	-1	-1	-1	-1	-1
0	1	21	-1	-1	-1	-1	-1
0	1	22	36.5	900	900	9	-1
0	1	23	122.5	900	900	7	-1
0	1	24	-1	-1	-1	-1	-1
0	1	25	-1	-1	-1	-1	-1
0	1	26	165.5	900	900	6	-1
0	1	27	79.5	900	900	8	-1
0	1	28	-1	-1	-1	-1	-1
0	1	29	-1	-1	-1	-1	-1
0	1	30	-1	-1	-1	-1	-1
0	2	0	79.5	900	1100	8	-1
0	2	1	36.5	900	1100	9	-1
0	2	2	423.5	900	1300	0	-1
0	2	3	380.5	900	1300	1	-1
0	2	4	337.5	900	1300	2	-1
0	2	5	294.5	900	1300	3	-1
0	2	6	251.5	900	1300	4	-1
0	2	7	208.5	900	1300	5	-1
0	2	8	122.5	900	1100	7	-1
0	2	9	208.5	900	1100	5	-1
0	2	10	294.5	900	1100	3	-1
0	2	11	380.5	900	1100	1	-1
0	2	12	165.5	900	1100	6	-1
0	2	13	251.5	900	1100	4	-1
0	2	14	337.5	900	1100	2	-1
0	2	15	423.5	900	1100	0	-1
0	2	16	-1	-1	-1	-1	-1
0	2	17	36.5	900	1500	9	-1
0	2	18	122.5	900	1500	7	-1
0	2	19	208.5	900	1500	5	-1
0	2	20	294.5	900	1500	3	-1
0	2	21	380.5	900	1500	1	-1
0	2	22	36.5	900	1300	9	-1
0	2	23	122.5	900	1300	7	-1
0	2	24	337.5	900	1500	2	-1
0	2	25	423.5	900	1500	0	-1
0	2	26	165.5	900	1300	6	-1
0	2	27	79.5	900	1300	8	-1
0	2	28	251.5	900	1500	4	-1
0	2	29	165.5	900	1500	6	-1
0	2	30	79.5	900	1500	8	-1
1	0	0	79.5	900	100	8	-1
1	0	1	36.5	900	100	9	-1
1	0	2	423.5	900	300	0	-1
1	0	3	380.5	900	300	1	-1
1	0	4	337.5	900	300	2	-1
1	0	5	294.5	900	300	3	-1
1	0	6	251.5	900	300	4	-1
1	0	7	208.5	900	300	5	-1
1	0	8	122.5	900	100	7	-1
1	0	9	208.5	900	100	5	-1
1	0	10	294.5	900	100	3	-1
1	0	11	380.5	900	100	1	-1
1	0	12	165.5	900	100	6	-1
1	0	13	251.5	900	100	4	-1
1	0	14	337.5	900	100	2	-1
1	0	15	423.5	900	100	0	-1
1	0	16	-1	-1	-1	-1	-1
1	0	17	36.5	900	500	9	-1
1	0	18	122.5	900	500	7	-1
1	0	19	208.5	900	500	5	-1
1	0	20	294.5	900	500	3	-1
1	0	21	380.5	900	500	1	-1
1	0	22	36.5	900	300	9	-1
1	0	23	122.5	900	300	7	-1
1	0	24	337.5	900	500	2	-1
1	0	25	423.5	900	500	0	-1
1	0	26	165.5	900	300	6	-1
1	0	27	79.5	900	300	8	-1
1	0	28	251.5	900	500	4	-1
1	0	29	165.5	900	500	6	-1
1	0	30	79.5	900	500	8	-1
1	1	0	79.5	900	700	8	-1
1	1	1	36.5	900	700	9	-1
1	1	2	423.5	900	900	0	-1
1	1	3	380.5	900	900	1	-1
1	1	4	337.5	900	900	3	-1
1	1	5	-1	-1	-1	-1	-1
1	1	6	251.5	900	900	4	-1
1	1	7	208.5	900	900	5	-1
1	1	8	122.5	900	700	7	-1
1	1	9	208.5	900	700	5	-1
1	1	10	294.5	900	700	3	-1
1	1	11	380.5	900	700	1	-1
1	1	12	165.5	900	700	6	-1
1	1	13	251.5	900	700	4	-1
1	1	14	337.5	900	700	2	-1
1	1	15	423.5	900	700	0	-1
1	1	16	-1	-1	-1	-1	-1
1	1	17	-1	-1	-1	-1	-1
1	1	18	-1	-1	-1	-1	-1
1	1	19	-1	-1	-1	-1	-1
1	1	20	-1	-1	-1	-1	-1
1	1	21	-1	-1	-1	-1	-1
1	1	22	36.5	900	900	9	-1
1	1	23	122.5	900	900	7	-1
1	1	24	-1	-1	-1	-1	-1
1	1	25	-1	-1	-1	-1	-1
1	1	26	165.5	900	900	6	-1
1	1	27	79.5	900	900	8	-1
1	1	28	-1	-1	-1	-1	-1
1	1	29	-1	-1	-1	-1	-1
1	1	30	-1	-1	-1	-1	-1
1	2	0	79.5	900	1100	8	-1
1	2	1	36.5	900	1100	9	-1
1	2	2	423.5	900	1300	0	-1
1	2	3	380.5	900	1300	1	-1
1	2	4	337.5	900	1300	2	-1
1	2	5	294.5	900	1300	3	-1
1	2	6	251.5	900	1300	4	-1
1	2	7	208.5	900	1300	5	-1
1	2	8	122.5	900	1100	7	-1
1	2	9	208.5	900	1100	5	-1
1	2	10	294.5	900	1100	3	-1
1	2	11	380.5	900	1100	1	-1
1	2	12	165.5	900	1100	6	-1
1	2	13	251.5	900	1100	4	-1
1	2	14	337.5	900	1100	2	-1
1	2	15	423.5	900	1100	0	-1
1	2	16	-1	-1	-1	-1	-1
1	2	17	36.5	900	1500	9	-1
1	2	18	122.5	900	1500	7	-1
1	2	19	208.5	900	1500	5	-1
1	2	20	294.5	900	1500	3	-1
1	2	21	380.5	900	1500	1	-1
1	2	22	36.5	900	1300	9	-1
1	2	23	122.5	900	1300	7	-1
1	2	24	337.5	900	1500	2	-1
1	2	25	423.5	900	1500	0	-1
1	2	26	165.5	900	1300	6	-1
1	2	27	79.5	900	1300	8	-1
1	2	28	251.5	900	1500	4	-1
1	2	29	165.5	900	1500	6	-1
1	2	30	79.5	900	1500	8	-1
2	0	0	380.5	900	1500	8	-1
2	0	1	423.5	900	1500	9	-1
2	0	2	36.5	900	1300	0	-1
2	0	3	79.5	900	1300	1	-1
2	0	4	122.5	900	1300	2	-1
2	0	5	165.5	900	1300	3	-1
2	0	6	208.5	900	1300	4	-1
2	0	7	251.5	900	1300	5	-1
2	0	8	337.5	900	1500	7	-1
2	0	9	251.5	900	1500	5	-1
2	0	10	165.5	900	1500	3	-1
2	0	11	79.5	900	1500	1	-1
2	0	12	294.5	900	1500	6	-1
2	0	13	208.5	900	1500	4	-1
2	0	14	122.5	900	1500	2	-1
2	0	15	36.5	900	1500	0	-1
2	0	16	91	-1	-1	-1	-1
2	0	17	423.5	900	1100	9	-1
2	0	18	337.5	900	1300	7	-1
2	0	19	251.5	900	1100	5	-1
2	0	20	165.5	900	1100	3	-1
2	0	21	79.5	900	1100	1	-1
2	0	22	423.5	900	1300	9	-1
2	0	23	337.5	900	1300	7	-1
2	0	24	122.5	900	1100	2	-1
2	0	25	36.5	900	1100	0	-1
2	0	26	294.5	900	1300	6	-1
2	0	27	380.5	900	1300	8	-1
2	0	28	208.5	900	1100	4	-1
2	0	29	294.5	900	1100	6	-1
2	0	30	380.5	900	1100	8	-1
2	1	0	380.5	900	900	8	-1
2	1	1	423.5	900	900	9	-1
2	1	2	36.5	900	700	0	-1
2	1	3	79.5	900	700	1	-1
2	1	4	122.5	900	700	2	-1
2	1	5	165.5	900	700	3	-1
2	1	6	208.5	900	700	4	-1
2	1	7	251.5	900	700	5	-1
2	1	8	337.5	900	900	7	-1
2	1	9	251.5	900	900	5	-1
2	1	10	165.5	900	900	3	-1
2	1	11	79.5	900	900	1	-1
2	1	12	294.5	900	900	6	-1
2	1	13	208.5	900	900	4	-1
2	1	14	122.5	900	900	2	-1
2	1	15	36.5	900	900	0	-1
2	1	16	-1	-1	-1	-1	-1
2	1	17	-1	-1	-1	-1	-1
2	1	18	-1	-1	-1	-1	-1
2	1	19	-1	-1	-1	-1	-1
2	1	20	-1	-1	-1	-1	-1
2	1	21	-1	-1	-1	-1	-1
2	1	22	423.5	900	700	9	-1
2	1	23	337.5	900	700	7	-1
2	1	24	-1	-1	-1	-1	-1
2	1	25	-1	-1	-1	-1	-1
2	1	26	294.5	900	700	6	-1
2	1	27	380.5	900	700	8	-1
2	1	28	-1	-1	-1	-1	-1
2	1	29	-1	-1	-1	-1	-1
2	1	30	-1	-1	-1	-1	-1
2	2	0	380.5	900	500	8	-1
2	2	1	423.5	900	500	9	-1
2	2	2	36.5	900	300	0	-1
2	2	3	79.5	900	300	1	-1
2	2	4	122.5	900	300	2	-1
2	2	5	165.5	900	300	3	-1
2	2	6	208.5	900	300	4	-1
2	2	7	251.5	900	300	5	-1
2	2	8	337.5	900	500	7	-1
2	2	9	251.5	900	500	5	-1
2	2	10	165.5	900	500	3	-1
2	2	11	79.5	900	500	1	-1
2	2	12	294.5	900	500	6	-1
2	2	13	208.5	900	500	4	-1
2	2	14	122.5	900	500	2	-1
2	2	15	36.5	900	500	0	-1
2	2	16	91	-1	-1	-1	-1
2	2	17	423.5	900	100	9	-1
2	2	18	337.5	900	300	7	-1
2	2	19	251.5	900	100	5	-1
2	2	20	165.5	900	100	3	-1
2	2	21	79.5	900	100	1	-1
2	2	22	423.5	900	300	9	-1
2	2	23	337.5	900	300	7	-1
2	2	24	122.5	900	100	2	-1
2	2	25	36.5	900	100	0	-1
2	2	26	294.5	900	300	6	-1
2	2	27	380.5	900	300	8	-1
2	2	28	208.5	900	100	4	-1
2	2	29	294.5	900	100	6	-1
2	2	30	380.5	900	100	8	-1
3	0	0	380.5	900	1500	8	-1
3	0	1	423.5	900	1500	9	-1
3	0	2	36.5	900	1300	0	-1
3	0	3	79.5	900	1300	1	-1
3	0	4	122.5	900	1300	2	-1
3	0	5	165.5	900	1300	3	-1
3	0	6	208.5	900	1300	4	-1
3	0	7	251.5	900	1300	5	-1
3	0	8	337.5	900	1500	7	-1
3	0	9	251.5	900	1500	5	-1
3	0	10	165.5	900	1500	3	-1
3	0	11	79.5	900	1500	1	-1
3	0	12	294.5	900	1500	6	-1
3	0	13	208.5	900	1500	4	-1
3	0	14	122.5	900	1500	2	-1
3	0	15	36.5	900	1500	0	-1
3	0	16	91	-1	-1	-1	-1
3	0	17	423.5	900	1100	9	-1
3	0	18	337.5	900	1300	7	-1
3	0	19	251.5	900	1100	5	-1
3	0	20	165.5	900	1100	3	-1
3	0	21	79.5	900	1100	1	-1
3	0	22	423.5	900	1300	9	-1
3	0	23	337.5	900	1300	7	-1
3	0	24	122.5	900	1100	2	-1
3	0	25	36.5	900	1100	0	-1
3	0	26	294.5	900	1300	6	-1
3	0	27	380.5	900	1300	8	-1
3	0	28	208.5	900	1100	4	-1
3	0	29	294.5	900	1100	6	-1
3	0	30	380.5	900	1100	8	-1
3	1	0	380.5	900	900	8	-1
3	1	1	423.5	900	900	9	-1
3	1	2	36.5	900	700	0	-1
3	1	3	79.5	900	700	1	-1
3	1	4	122.5	900	700	2	-1
3	1	5	165.5	900	700	3	-1
3	1	6	208.5	900	700	4	-1
3	1	7	251.5	900	700	5	-1
3	1	8	337.5	900	900	7	-1
3	1	9	251.5	900	900	5	-1
3	1	10	165.5	900	900	3	-1
3	1	11	79.5	900	900	1	-1
3	1	12	294.5	900	900	6	-1
3	1	13	208.5	900	900	4	-1
3	1	14	122.5	900	900	2	-1
3	1	15	36.5	900	900	0	-1
3	1	16	-1	-1	-1	-1	-1
3	1	17	-1	-1	-1	-1	-1
3	1	18	-1	-1	-1	-1	-1
3	1	19	-1	-1	-1	-1	-1
3	1	20	-1	-1	-1	-1	-1
3	1	21	-1	-1	-1	-1	-1
3	1	22	423.5	900	700	9	-1
3	1	23	337.5	900	700	7	-1
3	1	24	-1	-1	-1	-1	-1
3	1	25	-1	-1	-1	-1	-1
3	1	26	294.5	900	700	6	-1
3	1	27	380.5	900	700	8	-1
3	1	28	-1	-1	-1	-1	-1
3	1	29	-1	-1	-1	-1	-1
3	1	30	-1	-1	-1	-1	-1
3	2	0	380.5	900	500	8	-1
3	2	1	423.5	900	500	9	-1
3	2	2	36.5	900	300	0	-1
3	2	3	79.5	900	300	1	-1
3	2	4	122.5	900	300	2	-1
3	2	5	165.5	900	300	3	-1
3	2	6	208.5	900	300	4	-1
3	2	7	251.5	900	300	5	-1
3	2	8	337.5	900	500	7	-1
3	2	9	251.5	900	500	5	-1
3	2	10	165.5	900	500	3	-1
3	2	11	79.5	900	500	1	-1
3	2	12	294.5	900	500	6	-1
3	2	13	208.5	900	500	4	-1
3	2	14	122.5	900	500	2	-1
3	2	15	36.5	900	500	0	-1
3	2	16	91	-1	-1	-1	-1
3	2	17	423.5	900	100	9	-1
3	2	18	337.5	900	300	7	-1
3	2	19	251.5	900	100	5	-1
3	2	20	165.5	900	100	3	-1
3	2	21	79.5	900	100	1	-1
3	2	22	423.5	900	300	9	-1
3	2	23	337.5	900	300	7	-1
3	2	24	122.5	900	100	2	-1
3	2	25	36.5	900	100	0	-1
3	2	26	294.5	900	300	6	-1
3	2	27	380.5	900	300	8	-1
3	2	28	208.5	900	100	4	-1
3	2	29	294.5	900	100	6	-1
3	2	30	380.5	900	100	8	-1
4	0	0	0	462.5	115.5	6	38
4	0	1	0	425.1	129.6	6	58
4	0	2	0	462.5	172.5	7	38
4	0	3	0	425.1	186.6	7	58
4	0	4	0	487.5	115.5	6	39
4	0	5	0	475.1	129.6	6	59
4	0	6	0	487.5	172.5	7	39
4	0	7	0	475.1	186.6	7	59
4	0	8	0	375.1	186.6	7	57
4	0	9	0	375.1	129.6	6	57
4	0	10	0	325.1	186.6	7	56
4	0	11	0	325.1	129.6	6	56
4	0	12	0	437.5	172.5	7	37
4	0	13	0	437.5	115.5	6	37
4	0	14	0	412.5	172.5	7	36
4	0	15	0	412.5	115.5	6	36
4	0	16	0	312.5	115.5	6	32
4	0	17	0	312.5	172.5	7	32
4	0	18	0	337.5	115.5	6	33
4	0	19	0	337.5	172.5	7	33
4	0	20	0	362.5	115.5	6	34
4	0	21	0	362.5	172.5	7	34
4	0	22	0	387.5	115.5	6	35
4	0	23	0	387.5	172.5	7	35
4	0	24	0	425.1	158.1	6	78
4	0	25	0	425.1	215.1	7	78
4	0	26	0	475.1	215.1	7	79
4	0	27	0	475.1	158.1	6	79
4	0	28	0	375.1	215.1	7	77
4	0	29	0	375.1	158.1	6	77
4	0	30	0	325.1	215.1	7	76
4	0	31	0	325.1	158.1	6	76
4	1	0	0	262.5	115.5	6	30
4	1	1	0	225.1	129.6	6	54
4	1	2	0	262.5	172.5	7	30
4	1	3	0	225.1	186.6	7	54
4	1	4	0	287.5	115.5	6	31
4	1	5	0	275.1	129.6	6	55
4	1	6	0	287.5	172.5	7	31
4	1	7	0	275.1	186.6	7	55
4	1	8	0	175.1	186.6	7	53
4	1	9	0	175.1	129.6	6	53
4	1	10	0	125.1	186.6	7	52
4	1	11	0	125.1	129.6	6	52
4	1	12	0	237.5	172.5	7	29
4	1	13	0	237.5	115.5	6	29
4	1	14	0	212.5	172.5	7	28
4	1	15	0	212.5	115.5	6	28
4	1	16	0	112.5	115.5	6	24
4	1	17	0	112.5	172.5	7	24
4	1	18	0	137.5	115.5	6	25
4	1	19	0	137.5	172.5	7	25
4	1	20	0	162.5	115.5	6	26
4	1	21	0	162.5	172.5	7	26
4	1	22	0	187.5	115.5	6	27
4	1	23	0	187.5	172.5	7	27
4	1	24	0	225.1	158.1	6	74
4	1	25	0	225.1	215.1	7	74
4	1	26	0	275.1	215.1	7	75
4	1	27	0	275.1	158.1	6	75
4	1	28	0	175.1	215.1	7	73
4	1	29	0	175.1	158.1	6	73
4	1	30	0	125.1	215.1	7	72
4	1	31	0	125.1	158.1	6	72
4	2	0	0	62.5	115.5	6	22
4	2	1	0	25.1	129.6	6	50
4	2	2	0	62.5	172.5	7	22
4	2	3	0	25.1	186.6	7	50
4	2	4	0	87.5	115.5	6	23
4	2	5	0	75.1	129.6	6	51
4	2	6	0	87.5	172.5	7	23
4	2	7	0	75.1	186.6	7	51
4	2	8	0	-24.9	186.6	7	49
4	2	9	0	-24.9	129.6	6	49
4	2	10	0	-74.9	186.6	7	48
4	2	11	0	-74.9	129.6	6	48
4	2	12	0	37.5	172.5	7	21
4	2	13	0	37.5	115.5	6	21
4	2	14	0	12.5	172.5	7	20
4	2	15	0	12.5	115.5	6	20
4	2	16	0	-87.5	115.5	6	16
4	2	17	0	-87.5	172.5	7	16
4	2	18	0	-62.5	115.5	6	17
4	2	19	0	-62.5	172.5	7	17
4	2	20	0	-37.5	115.5	6	18
4	2	21	0	-37.5	172.5	7	18
4	2	22	0	-12.5	115.5	6	19
4	2	23	0	-12.5	172.5	7	19
4	2	24	0	25.1	158.1	6	70
4	2	25	0	25.1	215.1	7	70
4	2	26	0	75.1	215.1	7	71
4	2	27	0	75.1	158.1	6	71
4	2	28	0	-24.9	215.1	7	69
4	2	29	0	-24.9	158.1	6	69
4	2	30	0	-74.9	215.1	7	68
4	2	31	0	-74.9	158.1	6	68
4	3	0	0	-137.5	115.5	6	14
4	3	1	0	-174.9	129.6	6	46
4	3	2	0	-137.5	172.5	7	14
4	3	3	0	-174.9	186.6	7	46
4	3	4	0	-112.5	115.5	6	15
4	3	5	0	-124.9	129.6	6	47
4	3	6	0	-112.5	172.5	7	15
4	3	7	0	-124.9	186.6	7	47
4	3	8	0	-224.9	186.6	7	45
4	3	9	0	-224.9	129.6	6	45
4	3	10	0	-274.9	186.6	7	44
4	3	11	0	-274.9	129.6	6	44
4	3	12	0	-162.5	172.5	7	13
4	3	13	0	-162.5	115.5	6	13
4	3	14	0	-187.5	172.5	7	12
4	3	15	0	-187.5	115.5	6	12
4	3	16	0	-287.5	115.5	6	8
4	3	17	0	-287.5	172.5	7	8
4	3	18	0	-262.5	115.5	6	9
4	3	19	0	-262.5	172.5	7	9
4	3	20	0	-237.5	115.5	6	10
4	3	21	0	-237.5	172.5	7	10
4	3	22	0	-212.5	115.5	6	11
4	3	23	0	-212.5	172.5	7	11
4	3	24	0	-174.9	158.1	6	66
4	3	25	0	-174.9	215.1	7	66
4	3	26	0	-124.9	215.1	7	67
4	3	27	0	-124.9	158.1	6	67
4	3	28	0	-224.9	215.1	7	65
4	3	29	0	-224.9	158.1	6	65
4	3	30	0	-274.9	215.1	7	64
4	3	31	0	-274.9	158.1	6	64
4	4	0	0	-337.5	115.5	6	6
4	4	1	0	-374.9	129.6	6	42
4	4	2	0	-337.5	172.5	7	6
4	4	3	0	-374.9	186.6	7	42
4	4	4	0	-312.5	115.5	6	7
4	4	5	0	-324.9	129.6	6	43
4	4	6	0	-312.5	172.5	7	7
4	4	7	0	-324.9	186.6	7	43
4	4	8	0	-424.9	186.6	7	41
4	4	9	0	-424.9	129.6	6	41
4	4	10	0	-474.9	186.6	7	40
4	4	11	0	-474.9	129.6	6	40
4	4	12	0	-362.5	172.5	7	5
4	4	13	0	-362.5	115.5	6	5
4	4	14	0	-387.5	172.5	7	4
4	4	15	0	-387.5	115.5	6	4
4	4	16	0	-487.5	115.5	6	0
4	4	17	0	-487.5	172.5	7	0
4	4	18	0	-462.5	115.5	6	1
4	4	19	0	-462.5	172.5	7	1
4	4	20	0	-437.5	115.5	6	2
4	4	21	0	-437.5	172.5	7	2
4	4	22	0	-412.5	115.5	6	3
4	4	23	0	-412.5	172.5	7	3
4	4	24	0	-374.9	158.1	6	62
4	4	25	0	-374.9	215.1	7	62
4	4	26	0	-324.9	215.1	7	63
4	4	27	0	-324.9	158.1	6	63
4	4	28	0	-424.9	215.1	7	61
4	4	29	0	-424.9	158.1	6	61
4	4	30	0	-474.9	215.1	7	60
4	4	31	0	-474.9	158.1	6	60
4	5	0	0	462.5	1.5	4	38
4	5	1	0	425.1	15.6	4	58
4	5	2	0	462.5	58.5	5	38
4	5	3	0	425.1	72.6	5	58
4	5	4	0	487.5	1.5	4	39
4	5	5	0	475.1	15.6	4	59
4	5	6	0	487.5	58.5	5	39
4	5	7	0	475.1	72.6	5	59
4	5	8	0	375.1	72.6	5	57
4	5	9	0	375.1	15.6	4	57
4	5	10	0	325.1	72.6	5	56
4	5	11	0	325.1	15.6	4	56
4	5	12	0	437.5	58.5	5	37
4	5	13	0	437.5	1.5	4	37
4	5	14	0	412.5	58.5	5	36
4	5	15	0	412.5	1.5	4	36
4	5	16	0	312.5	1.5	4	32
4	5	17	0	312.5	58.5	5	32
4	5	18	0	337.5	1.5	4	33
4	5	19	0	337.5	58.5	5	33
4	5	20	0	362.5	1.5	4	34
4	5	21	0	362.5	58.5	5	34
4	5	22	0	387.5	1.5	4	35
4	5	23	0	387.5	58.5	5	35
4	5	24	0	425.1	44.1	4	78
4	5	25	0	425.1	101.1	5	78
4	5	26	0	475.1	101.1	5	79
4	5	27	0	475.1	44.1	4	79
4	5	28	0	375.1	101.1	5	77
4	5	29	0	375.1	44.1	4	77
4	5	30	0	325.1	101.1	5	76
4	5	31	0	325.1	44.1	4	76
4	6	0	0	262.5	1.5	4	30
4	6	1	0	225.1	15.6	4	54
4	6	2	0	262.5	58.5	5	30
4	6	3	0	225.1	72.6	5	54
4	6	4	0	287.5	1.5	4	31
4	6	5	0	275.1	15.6	4	55
4	6	6	0	287.5	58.5	5	31
4	6	7	0	275.1	72.6	5	55
4	6	8	0	175.1	72.6	5	53
4	6	9	0	175.1	15.6	4	53
4	6	10	0	125.1	72.6	5	52
4	6	11	0	125.1	15.6	4	52
4	6	12	0	237.5	58.5	5	29
4	6	13	0	237.5	1.5	4	29
4	6	14	0	212.5	58.5	5	28
4	6	15	0	212.5	1.5	4	28
4	6	16	0	112.5	1.5	4	24
4	6	17	0	112.5	58.5	5	24
4	6	18	0	137.5	1.5	4	25
4	6	19	0	137.5	58.5	5	25
4	6	20	0	162.5	1.5	4	26
4	6	21	0	162.5	58.5	5	26
4	6	22	0	187.5	1.5	4	27
4	6	23	0	187.5	58.5	5	27
4	6	24	0	225.1	44.1	4	74
4	6	25	0	225.1	101.1	5	74
4	6	26	0	275.1	101.1	5	75
4	6	27	0	275.1	44.1	4	75
4	6	28	0	175.1	101.1	5	73
4	6	29	0	175.1	44.1	4	73
4	6	30	0	125.1	101.1	5	72
4	6	31	0	125.1	44.1	4	72
4	7	0	0	62.5	1.5	4	22
4	7	1	0	25.1	15.6	4	50
4	7	2	0	62.5	58.5	5	22
4	7	3	0	25.1	72.6	5	50
4	7	4	0	87.5	1.5	4	23
4	7	5	0	75.1	15.6	4	51
4	7	6	0	87.5	58.5	5	23
4	7	7	0	75.1	72.6	5	51
4	7	8	0	-24.9	72.6	5	49
4	7	9	0	-24.9	15.6	4	49
4	7	10	0	-74.9	72.6	5	48
4	7	11	0	-74.9	15.6	4	48
4	7	12	0	37.5	58.5	5	21
4	7	13	0	37.5	1.5	4	21
4	7	14	0	12.5	58.5	5	20
4	7	15	0	12.5	1.5	4	20
4	7	16	0	-87.5	1.5	4	16
4	7	17	0	-87.5	58.5	5	16
4	7	18	0	-62.5	1.5	4	17
4	7	19	0	-62.5	58.5	5	17
4	7	20	0	-37.5	1.5	4	18
4	7	21	0	-37.5	58.5	5	18
4	7	22	0	-12.5	1.5	4	19
4	7	23	0	-12.5	58.5	5	19
4	7	24	0	25.1	44.1	4	70
4	7	25	0	25.1	101.1	5	70
4	7	26	0	75.1	101.1	5	71
4	7	27	0	75.1	44.1	4	71
4	7	28	0	-24.9	101.1	5	69
4	7	29	0	-24.9	44.1	4	69
4	7	30	0	-74.9	101.1	5	68
4	7	31	0	-74.9	44.1	4	68
4	8	0	0	-137.5	1.5	4	14
4	8	1	0	-174.9	15.6	4	46
4	8	2	0	-137.5	58.5	5	14
4	8	3	0	-174.9	72.6	5	46
4	8	4	0	-112.5	1.5	4	15
4	8	5	0	-124.9	15.6	4	47
4	8	6	0	-112.5	58.5	5	15
4	8	7	0	-124.9	72.6	5	47
4	8	8	0	-224.9	72.6	5	45
4	8	9	0	-224.9	15.6	4	45
4	8	10	0	-274.9	72.6	5	44
4	8	11	0	-274.9	15.6	4	44
4	8	12	0	-162.5	58.5	5	13
4	8	13	0	-162.5	1.5	4	13
4	8	14	0	-187.5	58.5	5	12
4	8	15	0	-187.5	1.5	4	12
4	8	16	0	-287.5	1.5	4	8
4	8	17	0	-287.5	58.5	5	8
4	8	18	0	-262.5	1.5	4	9
4	8	19	0	-262.5	58.5	5	9
4	8	20	0	-237.5	1.5	4	10
4	8	21	0	-237.5	58.5	5	10
4	8	22	0	-212.5	1.5	4	11
4	8	23	0	-212.5	58.5	5	11
4	8	24	0	-174.9	44.1	4	66
4	8	25	0	-174.9	101.1	5	66
4	8	26	0	-124.9	101.1	5	67
4	8	27	0	-124.9	44.1	4	67
4	8	28	0	-224.9	101.1	5	65
4	8	29	0	-224.9	44.1	4	65
4	8	30	0	-274.9	101.1	5	64
4	8	31	0	-274.9	44.1	4	64
4	9	0	0	-337.5	1.5	4	6
4	9	1	0	-374.9	15.6	4	42
4	9	2	0	-337.5	58.5	5	6
4	9	3	0	-374.9	72.6	5	42
4	9	4	0	-312.5	1.5	4	7
4	9	5	0	-324.9	15.6	4	43
4	9	6	0	-312.5	58.5	5	7
4	9	7	0	-324.9	72.6	5	43
4	9	8	0	-424.9	72.6	5	41
4	9	9	0	-424.9	15.6	4	41
4	9	10	0	-474.9	72.6	5	40
4	9	11	0	-474.9	15.6	4	40
4	9	12	0	-362.5	58.5	5	5
4	9	13	0	-362.5	1.5	4	5
4	9	14	0	-387.5	58.5	5	4
4	9	15	0	-387.5	1.5	4	4
4	9	16	0	-487.5	1.5	4	0
4	9	17	0	-487.5	58.5	5	0
4	9	18	0	-462.5	1.5	4	1
4	9	19	0	-462.5	58.5	5	1
4	9	20	0	-437.5	1.5	4	2
4	9	21	0	-437.5	58.5	5	2
4	9	22	0	-412.5	1.5	4	3
4	9	23	0	-412.5	58.5	5	3
4	9	24	0	-374.9	44.1	4	62
4	9	25	0	-374.9	101.1	5	62
4	9	26	0	-324.9	101.1	5	63
4	9	27	0	-324.9	44.1	4	63
4	9	28	0	-424.9	101.1	5	61
4	9	29	0	-424.9	44.1	4	61
4	9	30	0	-474.9	101.1	5	60
4	9	31	0	-474.9	44.1	4	60
4	10	0	0	462.5	-112.5	2	38
4	10	1	0	425.1	-98.4	2	58
4	10	2	0	462.5	-55.5	3	38
4	10	3	0	425.1	-41.4	3	58
4	10	4	0	487.5	-112.5	2	39
4	10	5	0	475.1	-98.4	2	59
4	10	6	0	487.5	-55.5	3	39
4	10	7	0	475.1	-41.4	3	59
4	10	8	0	375.1	-41.4	3	57
4	10	9	0	375.1	-98.4	2	57
4	10	10	0	325.1	-41.4	3	56
4	10	11	0	325.1	-98.4	2	56
4	10	12	0	437.5	-55.5	3	37
4	10	13	0	437.5	-112.5	2	37
4	10	14	0	412.5	-55.5	3	36
4	10	15	0	412.5	-112.5	2	36
4	10	16	0	312.5	-112.5	2	32
4	10	17	0	312.5	-55.5	3	32
4	10	18	0	337.5	-112.5	2	33
4	10	19	0	337.5	-55.5	3	33
4	10	20	0	362.5	-112.5	2	34
4	10	21	0	362.5	-55.5	3	34
4	10	22	0	387.5	-112.5	2	35
4	10	23	0	387.5	-55.5	3	35
4	10	24	0	425.1	-69.9	2	78
4	10	25	0	425.1	-12.9	3	78
4	10	26	0	475.1	-12.9	3	79
4	10	27	0	475.1	-69.9	2	79
4	10	28	0	375.1	-12.9	3	77
4	10	29	0	375.1	-69.9	2	77
4	10	30	0	325.1	-12.9	3	76
4	10	31	0	325.1	-69.9	2	76
4	11	0	0	262.5	-112.5	2	30
4	11	1	0	225.1	-98.4	2	54
4	11	2	0	262.5	-55.5	3	30
4	11	3	0	225.1	-41.4	3	54
4	11	4	0	287.5	-112.5	2	31
4	11	5	0	275.1	-98.4	2	55
4	11	6	0	287.5	-55.5	3	31
4	11	7	0	275.1	-41.4	3	55
4	11	8	0	175.1	-41.4	3	53
4	11	9	0	175.1	-98.4	2	53
4	11	10	0	125.1	-41.4	3	52
4	11	11	0	125.1	-98.4	2	52
4	11	12	0	237.5	-55.5	3	29
4	11	13	0	237.5	-112.5	2	29
4	11	14	0	212.5	-55.5	3	28
4	11	15	0	212.5	-112.5	2	28
4	11	16	0	112.5	-112.5	2	24
4	11	17	0	112.5	-55.5	3	24
4	11	18	0	137.5	-112.5	2	25
4	11	19	0	137.5	-55.5	3	25
4	11	20	0	162.5	-112.5	2	26
4	11	21	0	162.5	-55.5	3	26
4	11	22	0	187.5	-112.5	2	27
4	11	23	0	187.5	-55.5	3	27
4	11	24	0	225.1	-69.9	2	74
4	11	25	0	225.1	-12.9	3	74
4	11	26	0	275.1	-12.9	3	75
4	11	27	0	275.1	-69.9	2	75
4	11	28	0	175.1	-12.9	3	73
4	11	29	0	175.1	-69.9	2	73
4	11	30	0	125.1	-12.9	3	72
4	11	31	0	125.1	-69.9	2	72
4	12	0	0	62.5	-112.5	2	22
4	12	1	0	25.1	-98.4	2	50
4	12	2	0	62.5	-55.5	3	22
4	12	3	0	25.1	-41.4	3	50
4	12	4	0	87.5	-112.5	2	23
4	12	5	0	75.1	-98.4	2	51
4	12	6	0	87.5	-55.5	3	23
4	12	7	0	75.1	-41.4	3	51
4	12	8	0	-24.9	-41.4	3	49
4	12	9	0	-24.9	-98.4	2	49
4	12	10	0	-74.9	-41.4	3	48
4	12	11	0	-74.9	-98.4	2	48
4	12	12	0	37.5	-55.5	3	21
4	12	13	0	37.5	-112.5	2	21
4	12	14	0	12.5	-55.5	3	20
4	12	15	0	12.5	-112.5	2	20
4	12	16	0	-87.5	-112.5	2	16
4	12	17	0	-87.5	-55.5	3	16
4	12	18	0	-62.5	-112.5	2	17
4	12	19	0	-62.5	-55.5	3	17
4	12	20	0	-37.5	-112.5	2	18
4	12	21	0	-37.5	-55.5	3	18
4	12	22	0	-12.5	-112.5	2	19
4	12	23	0	-12.5	-55.5	3	19
4	12	24	0	25.1	-69.9	2	70
4	12	25	0	25.1	-12.9	3	70
4	12	26	0	75.1	-12.9	3	71
4	12	27	0	75.1	-69.9	2	71
4	12	28	0	-24.9	-12.9	3	69
4	12	29	0	-24.9	-69.9	2	69
4	12	30	0	-74.9	-12.9	3	68
4	12	31	0	-74.9	-69.9	2	68
4	13	0	0	-137.5	-112.5	2	14
4	13	1	0	-174.9	-98.4	2	46
4	13	2	0	-137.5	-55.5	3	14
4	13	3	0	-174.9	-41.4	3	46
4	13	4	0	-112.5	-112.5	2	15
4	13	5	0	-124.9	-98.4	2	47
4	13	6	0	-112.5	-55.5	3	15
4	13	7	0	-124.9	-41.4	3	47
4	13	8	0	-224.9	-41.4	3	45
4	13	9	0	-224.9	-98.4	2	45
4	13	10	0	-274.9	-41.4	3	44
4	13	11	0	-274.9	-98.4	2	44
4	13	12	0	-162.5	-55.5	3	13
4	13	13	0	-162.5	-112.5	2	13
4	13	14	0	-187.5	-55.5	3	12
4	13	15	0	-187.5	-112.5	2	12
4	13	16	0	-287.5	-112.5	2	8
4	13	17	0	-287.5	-55.5	3	8
4	13	18	0	-262.5	-112.5	2	9
4	13	19	0	-262.5	-55.5	3	9
4	13	20	0	-237.5	-112.5	2	10
4	13	21	0	-237.5	-55.5	3	10
4	13	22	0	-212.5	-112.5	2	11
4	13	23	0	-212.5	-55.5	3	11
4	13	24	0	-174.9	-69.9	2	66
4	13	25	0	-174.9	-12.9	3	66
4	13	26	0	-124.9	-12.9	3	67
4	13	27	0	-124.9	-69.9	2	67
4	13	28	0	-224.9	-12.9	3	65
4	13	29	0	-224.9	-69.9	2	65
4	13	30	0	-274.9	-12.9	3	64
4	13	31	0	-274.9	-69.9	2	64
4	14	0	0	-337.5	-112.5	2	6
4	14	1	0	-374.9	-98.4	2	42
4	14	2	0	-337.5	-55.5	3	6
4	14	3	0	-374.9	-41.4	3	42
4	14	4	0	-312.5	-112.5	2	7
4	14	5	0	-324.9	-98.4	2	43
4	14	6	0	-312.5	-55.5	3	7
4	14	7	0	-324.9	-41.4	3	43
4	14	8	0	-424.9	-41.4	3	41
4	14	9	0	-424.9	-98.4	2	41
4	14	10	0	-474.9	-41.4	3	40
4	14	11	0	-474.9	-98.4	2	40
4	14	12	0	-362.5	-55.5	3	5
4	14	13	0	-362.5	-112.5	2	5
4	14	14	0	-387.5	-55.5	3	4
4	14	15	0	-387.5	-112.5	2	4
4	14	16	0	-487.5	-112.5	2	0
4	14	17	0	-487.5	-55.5	3	0
4	14	18	0	-462.5	-112.5	2	1
4	14	19	0	-462.5	-55.5	3	1
4	14	20	0	-437.5	-112.5	2	2
4	14	21	0	-437.5	-55.5	3	2
4	14	22	0	-412.5	-112.5	2	3
4	14	23	0	-412.5	-55.5	3	3
4	14	24	0	-374.9	-69.9	2	62
4	14	25	0	-374.9	-12.9	3	62
4	14	26	0	-324.9	-12.9	3	63
4	14	27	0	-324.9	-69.9	2	63
4	14	28	0	-424.9	-12.9	3	61
4	14	29	0	-424.9	-69.9	2	61
4	14	30	0	-474.9	-12.9	3	60
4	14	31	0	-474.9	-69.9	2	60
4	15	0	0	462.5	-226.5	0	38
4	15	1	0	425.1	-212.4	0	58
4	15	2	0	462.5	-169.5	1	38
4	15	3	0	425.1	-155.4	1	58
4	15	4	0	487.5	-226.5	0	39
4	15	5	0	475.1	-212.4	0	59
4	15	6	0	487.5	-169.5	1	39
4	15	7	0	475.1	-155.4	1	59
4	15	8	0	375.1	-155.4	1	57
4	15	9	0	375.1	-212.4	0	57
4	15	10	0	325.1	-155.4	1	56
4	15	11	0	325.1	-212.4	0	56
4	15	12	0	437.5	-169.5	1	37
4	15	13	0	437.5	-226.5	0	37
4	15	14	0	412.5	-169.5	1	36
4	15	15	0	412.5	-226.5	0	36
4	15	16	0	312.5	-226.5	0	32
4	15	17	0	312.5	-169.5	1	32
4	15	18	0	337.5	-226.5	0	33
4	15	19	0	337.5	-169.5	1	33
4	15	20	0	362.5	-226.5	0	34
4	15	21	0	362.5	-169.5	1	34
4	15	22	0	387.5	-226.5	0	35
4	15	23	0	387.5	-169.5	1	35
4	15	24	0	425.1	-183.9	0	78
4	15	25	0	425.1	-126.9	1	78
4	15	26	0	475.1	-126.9	1	79
4	15	27	0	475.1	-183.9	0	79
4	15	28	0	375.1	-126.9	1	77
4	15	29	0	375.1	-183.9	0	77
4	15	30	0	325.1	-126.9	1	76
4	15	31	0	325.1	-183.9	0	76
4	16	0	0	262.5	-226.5	0	30
4	16	1	0	225.1	-212.4	0	54
4	16	2	0	262.5	-169.5	1	30
4	16	3	0	225.1	-155.4	1	54
4	16	4	0	287.5	-226.5	0	31
4	16	5	0	275.1	-212.4	0	55
4	16	6	0	287.5	-169.5	1	31
4	16	7	0	275.1	-155.4	1	55
4	16	8	0	175.1	-155.4	1	53
4	16	9	0	175.1	-212.4	0	53
4	16	10	0	125.1	-155.4	1	52
4	16	11	0	125.1	-212.4	0	52
4	16	12	0	237.5	-169.5	1	29
4	16	13	0	237.5	-226.5	0	29
4	16	14	0	212.5	-169.5	1	28
4	16	15	0	212.5	-226.5	0	28
4	16	16	0	112.5	-226.5	0	24
4	16	17	0	112.5	-169.5	1	24
4	16	18	0	137.5	-226.5	0	25
4	16	19	0	137.5	-169.5	1	25
4	16	20	0	162.5	-226.5	0	26
4	16	21	0	162.5	-169.5	1	26
4	16	22	0	187.5	-226.5	0	27
4	16	23	0	187.5	-169.5	1	27
4	16	24	0	225.1	-183.9	0	74
4	16	25	0	225.1	-126.9	1	74
4	16	26	0	275.1	-126.9	1	75
4	16	27	0	275.1	-183.9	0	75
4	16	28	0	175.1	-126.9	1	73
4	16	29	0	175.1	-183.9	0	73
4	16	30	0	125.1	-126.9	1	72
4	16	31	0	125.1	-183.9	0	72
4	17	0	0	62.5	-226.5	0	22
4	17	1	0	25.1	-212.4	0	50
4	17	2	0	62.5	-169.5	1	22
4	17	3	0	25.1	-155.4	1	50
4	17	4	0	87.5	-226.5	0	23
4	17	5	0	75.1	-212.4	0	51
4	17	6	0	87.5	-169.5	1	23
4	17	7	0	75.1	-155.4	1	51
4	17	8	0	-24.9	-155.4	1	49
4	17	9	0	-24.9	-212.4	0	49
4	17	10	0	-74.9	-155.4	1	48
4	17	11	0	-74.9	-212.4	0	48
4	17	12	0	37.5	-169.5	1	21
4	17	13	0	37.5	-226.5	0	21
4	17	14	0	12.5	-169.5	1	20
4	17	15	0	12.5	-226.5	0	20
4	17	16	0	-87.5	-226.5	0	16
4	17	17	0	-87.5	-169.5	1	16
4	17	18	0	-62.5	-226.5	0	17
4	17	19	0	-62.5	-169.5	1	17
4	17	20	0	-37.5	-226.5	0	18
4	17	21	0	-37.5	-169.5	1	18
4	17	22	0	-12.5	-226.5	0	19
4	17	23	0	-12.5	-169.5	1	19
4	17	24	0	25.1	-183.9	0	70
4	17	25	0	25.1	-126.9	1	70
4	17	26	0	75.1	-126.9	1	71
4	17	27	0	75.1	-183.9	0	71
4	17	28	0	-24.9	-126.9	1	69
4	17	29	0	-24.9	-183.9	0	69
4	17	30	0	-74.9	-126.9	1	68
4	17	31	0	-74.9	-183.9	0	68
4	18	0	0	-137.5	-226.5	0	14
4	18	1	0	-174.9	-212.4	0	46
4	18	2	0	-137.5	-169.5	1	14
4	18	3	0	-174.9	-155.4	1	46
4	18	4	0	-112.5	-226.5	0	15
4	18	5	0	-124.9	-212.4	0	47
4	18	6	0	-112.5	-169.5	1	15
4	18	7	0	-124.9	-155.4	1	47
4	18	8	0	-224.9	-155.4	1	45
4	18	9	0	-224.9	-212.4	0	45
4	18	10	0	-274.9	-155.4	1	44
4	18	11	0	-274.9	-212.4	0	44
4	18	12	0	-162.5	-169.5	1	13
4	18	13	0	-162.5	-226.5	0	13
4	18	14	0	-187.5	-169.5	1	12
4	18	15	0	-187.5	-226.5	0	12
4	18	16	0	-287.5	-226.5	0	8
4	18	17	0	-287.5	-169.5	1	8
4	18	18	0	-262.5	-226.5	0	9
4	18	19	0	-262.5	-169.5	1	9
4	18	20	0	-237.5	-226.5	0	10
4	18	21	0	-237.5	-169.5	1	10
4	18	22	0	-212.5	-226.5	0	11
4	18	23	0	-212.5	-169.5	1	11
4	18	24	0	-174.9	-183.9	0	66
4	18	25	0	-174.9	-126.9	1	66
4	18	26	0	-124.9	-126.9	1	67
4	18	27	0	-124.9	-183.9	0	67
4	18	28	0	-224.9	-126.9	1	65
4	18	29	0	-224.9	-183.9	0	65
4	18	30	0	-274.9	-126.9	1	64
4	18	31	0	-274.9	-183.9	0	64
4	19	0	0	-337.5	-226.5	0	6
4	19	1	0	-374.9	-212.4	0	42
4	19	2	0	-337.5	-169.5	1	6
4	19	3	0	-374.9	-155.4	1	42
4	19	4	0	-312.5	-226.5	0	7
4	19	5	0	-324.9	-212.4	0	43
4	19	6	0	-312.5	-169.5	1	7
4	19	7	0	-324.9	-155.4	1	43
4	19	8	0	-424.9	-155.4	1	41
4	19	9	0	-424.9	-212.4	0	41
4	19	10	0	-474.9	-155.4	1	40
4	19	11	0	-474.9	-212.4	0	40
4	19	12	0	-362.5	-169.5	1	5
4	19	13	0	-362.5	-226.5	0	5
4	19	14	0	-387.5	-169.5	1	4
4	19	15	0	-387.5	-226.5	0	4
4	19	16	0	-487.5	-226.5	0	0
4	19	17	0	-487.5	-169.5	1	0
4	19	18	0	-462.5	-226.5	0	1
4	19	19	0	-462.5	-169.5	1	1
4	19	20	0	-437.5	-226.5	0	2
4	19	21	0	-437.5	-169.5	1	2
4	19	22	0	-412.5	-226.5	0	3
4	19	23	0	-412.5	-169.5	1	3
4	19	24	0	-374.9	-183.9	0	62
4	19	25	0	-374.9	-126.9	1	62
4	19	26	0	-324.9	-126.9	1	63
4	19	27	0	-324.9	-183.9	0	63
4	19	28	0	-424.9	-126.9	1	61
4	19	29	0	-424.9	-183.9	0	61
4	19	30	0	-474.9	-126.9	1	60
4	19	31	0	-474.9	-183.9	0	60
5	0	0	-424.9	0	-126.9	1	61
5	0	1	-462.5	0	-141	1	1
5	0	2	-424.9	0	-183.9	0	61
5	0	3	-462.5	0	-198	0	1
5	0	4	-474.9	0	-126.9	1	60
5	0	5	-487.5	0	-141	1	0
5	0	6	-474.9	0	-183.9	0	60
5	0	7	-487.5	0	-198	0	0
5	0	8	-437.5	0	-198	0	2
5	0	9	-437.5	0	-141	1	2
5	0	10	-412.5	0	-198	0	3
5	0	11	-412.5	0	-141	1	3
5	0	12	-374.9	0	-183.9	0	62
5	0	13	-374.9	0	-126.9	1	62
5	0	14	-324.9	0	-183.9	0	63
5	0	15	-324.9	0	-126.9	1	63
5	0	16	-312.5	0	-141	1	7
5	0	17	-312.5	0	-198	0	7
5	0	18	-337.5	0	-141	1	6
5	0	19	-337.5	0	-198	0	6
5	0	20	-362.5	0	-141	1	5
5	0	21	-362.5	0	-198	0	5
5	0	22	-387.5	0	-141	1	4
5	0	23	-387.5	0	-198	0	4
5	0	24	-424.9	0	-155.4	1	41
5	0	25	-424.9	0	-212.4	0	41
5	0	26	-474.9	0	-212.4	0	40
5	0	27	-474.9	0	-155.4	1	40
5	0	28	-374.9	0	-212.4	0	42
5	0	29	-374.9	0	-155.4	1	42
5	0	30	-324.9	0	-212.4	0	43
5	0	31	-324.9	0	-155.4	1	43
5	1	0	-224.9	0	-126.9	1	65
5	1	1	-262.5	0	-141	1	9
5	1	2	-224.9	0	-183.9	0	65
5	1	3	-262.5	0	-198	0	9
5	1	4	-274.9	0	-126.9	1	64
5	1	5	-287.5	0	-141	1	8
5	1	6	-274.9	0	-183.9	0	64
5	1	7	-287.5	0	-198	0	8
5	1	8	-237.5	0	-198	0	10
5	1	9	-237.5	0	-141	1	10
5	1	10	-212.5	0	-198	0	11
5	1	11	-212.5	0	-141	1	11
5	1	12	-174.9	0	-183.9	0	66
5	1	13	-174.9	0	-126.9	1	66
5	1	14	-124.9	0	-183.9	0	67
5	1	15	-124.9	0	-126.9	1	67
5	1	16	-112.5	0	-141	1	15
5	1	17	-112.5	0	-198	0	15
5	1	18	-137.5	0	-141	1	14
5	1	19	-137.5	0	-198	0	14
5	1	20	-162.5	0	-141	1	13
5	1	21	-162.5	0	-198	0	13
5	1	22	-187.5	0	-141	1	12
5	1	23	-187.5	0	-198	0	12
5	1	24	-224.9	0	-155.4	1	45
5	1	25	-224.9	0	-212.4	0	45
5	1	26	-274.9	0	-212.4	0	44
5	1	27	-274.9	0	-155.4	1	44
5	1	28	-174.9	0	-212.4	0	46
5	1	29	-174.9	0	-155.4	1	46
5	1	30	-124.9	0	-212.4	0	47
5	1	31	-124.9	0	-155.4	1	47
5	2	0	-24.9	0	-126.9	1	69
5	2	1	-62.5	0	-141	1	17
5	2	2	-24.9	0	-183.9	0	69
5	2	3	-62.5	0	-198	0	17
5	2	4	-74.9	0	-126.9	1	68
5	2	5	-87.5	0	-141	1	16
5	2	6	-74.9	0	-183.9	0	68
5	2	7	-87.5	0	-198	0	16
5	2	8	-37.5	0	-198	0	18
5	2	9	-37.5	0	-141	1	18
5	2	10	-12.5	0	-198	0	19
5	2	11	-12.5	0	-141	1	19
5	2	12	25.1	0	-183.9	0	70
5	2	13	25.1	0	-126.9	1	70
5	2	14	75.1	0	-183.9	0	71
5	2	15	75.1	0	-126.9	1	71
5	2	16	87.5	0	-141	1	23
5	2	17	87.5	0	-198	0	23
5	2	18	62.5	0	-141	1	22
5	2	19	62.5	0	-198	0	22
5	2	20	37.5	0	-141	1	21
5	2	21	37.5	0	-198	0	21
5	2	22	12.5	0	-141	1	20
5	2	23	12.5	0	-198	0	20
5	2	24	-24.9	0	-155.4	1	49
5	2	25	-24.9	0	-212.4	0	49
5	2	26	-74.9	0	-212.4	0	48
5	2	27	-74.9	0	-155.4	1	48
5	2	28	25.1	0	-212.4	0	50
5	2	29	25.1	0	-155.4	1	50
5	2	30	75.1	0	-212.4	0	51
5	2	31	75.1	0	-155.4	1	51
5	3	0	175.1	0	-126.9	1	73
5	3	1	137.5	0	-141	1	25
5	3	2	175.1	0	-183.9	0	73
5	3	3	137.5	0	-198	0	25
5	3	4	125.1	0	-126.9	1	72
5	3	5	112.5	0	-141	1	24
5	3	6	125.1	0	-183.9	0	72
5	3	7	112.5	0	-198	0	24
5	3	8	162.5	0	-198	0	26
5	3	9	162.5	0	-141	1	26
5	3	10	187.5	0	-198	0	27
5	3	11	187.5	0	-141	1	27
5	3	12	225.1	0	-183.9	0	74
5	3	13	225.1	0	-126.9	1	74
5	3	14	275.1	0	-183.9	0	75
5	3	15	275.1	0	-126.9	1	75
5	3	16	287.5	0	-141	1	31
5	3	17	287.5	0	-198	0	31
5	3	18	262.5	0	-141	1	30
5	3	19	262.5	0	-198	0	30
5	3	20	237.5	0	-141	1	29
5	3	21	237.5	0	-198	0	29
5	3	22	212.5	0	-141	1	28
5	3	23	212.5	0	-198	0	28
5	3	24	175.1	0	-155.4	1	53
5	3	25	175.1	0	-212.4	0	53
5	3	26	125.1	0	-212.4	0	52
5	3	27	125.1	0	-155.4	1	52
5	3	28	225.1	0	-212.4	0	54
5	3	29	225.1	0	-155.4	1	54
5	3	30	275.1	0	-212.4	0	55
5	3	31	275.1	0	-155.4	1	55
5	4	0	375.1	0	-126.9	1	77
5	4	1	337.5	0	-141	1	33
5	4	2	375.1	0	-183.9	0	77
5	4	3	337.5	0	-198	0	33
5	4	4	325.1	0	-126.9	1	76
5	4	5	312.5	0	-141	1	32
5	4	6	325.1	0	-183.9	0	76
5	4	7	312.5	0	-198	0	32
5	4	8	362.5	0	-198	0	34
5	4	9	362.5	0	-141	1	34
5	4	10	387.5	0	-198	0	35
5	4	11	387.5	0	-141	1	35
5	4	12	425.1	0	-183.9	0	78
5	4	13	425.1	0	-126.9	1	78
5	4	14	475.1	0	-183.9	0	79
5	4	15	475.1	0	-126.9	1	79
5	4	16	487.5	0	-141	1	39
5	4	17	487.5	0	-198	0	39
5	4	18	462.5	0	-141	1	38
5	4	19	462.5	0	-198	0	38
5	4	20	437.5	0	-141	1	37
5	4	21	437.5	0	-198	0	37
5	4	22	412.5	0	-141	1	36
5	4	23	412.5	0	-198	0	36
5	4	24	375.1	0	-155.4	1	57
5	4	25	375.1	0	-212.4	0	57
5	4	26	325.1	0	-212.4	0	56
5	4	27	325.1	0	-155.4	1	56
5	4	28	425.1	0	-212.4	0	58
5	4	29	425.1	0	-155.4	1	58
5	4	30	475.1	0	-212.4	0	59
5	4	31	475.1	0	-155.4	1	59
5	5	0	-424.9	0	-12.9	3	61
5	5	1	-462.5	0	-27	3	1
5	5	2	-424.9	0	-69.9	2	61
5	5	3	-462.5	0	-84	2	1
5	5	4	-474.9	0	-12.9	3	60
5	5	5	-487.5	0	-27	3	0
5	5	6	-474.9	0	-69.9	2	60
5	5	7	-487.5	0	-84	2	0
5	5	8	-437.5	0	-84	2	2
5	5	9	-437.5	0	-27	3	2
5	5	10	-412.5	0	-84	2	3
5	5	11	-412.5	0	-27	3	3
5	5	12	-374.9	0	-69.9	2	62
5	5	13	-374.9	0	-12.9	3	62
5	5	14	-324.9	0	-69.9	2	63
5	5	15	-324.9	0	-12.9	3	63
5	5	16	-312.5	0	-27	3	7
5	5	17	-312.5	0	-84	2	7
5	5	18	-337.5	0	-27	3	6
5	5	19	-337.5	0	-84	2	6
5	5	20	-362.5	0	-27	3	5
5	5	21	-362.5	0	-84	2	5
5	5	22	-387.5	0	-27	3	4
5	5	23	-387.5	0	-84	2	4
5	5	24	-424.9	0	-41.4	3	41
5	5	25	-424.9	0	-98.4	2	41
5	5	26	-474.9	0	-98.4	2	40
5	5	27	-474.9	0	-41.4	3	40
5	5	28	-374.9	0	-98.4	2	42
5	5	29	-374.9	0	-41.4	3	42
5	5	30	-324.9	0	-98.4	2	43
5	5	31	-324.9	0	-41.4	3	43
5	6	0	-224.9	0	-12.9	3	65
5	6	1	-262.5	0	-27	3	9
5	6	2	-224.9	0	-69.9	2	65
5	6	3	-262.5	0	-84	2	9
5	6	4	-274.9	0	-12.9	3	64
5	6	5	-287.5	0	-27	3	8
5	6	6	-274.9	0	-69.9	2	64
5	6	7	-287.5	0	-84	2	8
5	6	8	-237.5	0	-84	2	10
5	6	9	-237.5	0	-27	3	10
5	6	10	-212.5	0	-84	2	11
5	6	11	-212.5	0	-27	3	11
5	6	12	-174.9	0	-69.9	2	66
5	6	13	-174.9	0	-12.9	3	66
5	6	14	-124.9	0	-69.9	2	67
5	6	15	-124.9	0	-12.9	3	67
5	6	16	-112.5	0	-27	3	15
5	6	17	-112.5	0	-84	2	15
5	6	18	-137.5	0	-27	3	14
5	6	19	-137.5	0	-84	2	14
5	6	20	-162.5	0	-27	3	13
5	6	21	-162.5	0	-84	2	13
5	6	22	-187.5	0	-27	3	12
5	6	23	-187.5	0	-84	2	12
5	6	24	-224.9	0	-41.4	3	45
5	6	25	-224.9	0	-98.4	2	45
5	6	26	-274.9	0	-98.4	2	44
5	6	27	-274.9	0	-41.4	3	44
5	6	28	-174.9	0	-98.4	2	46
5	6	29	-174.9	0	-41.4	3	46
5	6	30	-124.9	0	-98.4	2	47
5	6	31	-124.9	0	-41.4	3	47
5	7	0	-24.9	0	-12.9	3	69
5	7	1	-62.5	0	-27	3	17
5	7	2	-24.9	0	-69.9	2	69
5	7	3	-62.5	0	-84	2	17
5	7	4	-74.9	0	-12.9	3	68
5	7	5	-87.5	0	-27	3	16
5	7	6	-74.9	0	-69.9	2	68
5	7	7	-87.5	0	-84	2	16
5	7	8	-37.5	0	-84	2	18
5	7	9	-37.5	0	-27	3	18
5	7	10	-12.5	0	-84	2	19
5	7	11	-12.5	0	-27	3	19
5	7	12	25.1	0	-69.9	2	70
5	7	13	25.1	0	-12.9	3	70
5	7	14	75.1	0	-69.9	2	71
5	7	15	75.1	0	-12.9	3	71
5	7	16	87.5	0	-27	3	23
5	7	17	87.5	0	-84	2	23
5	7	18	62.5	0	-27	3	22
5	7	19	62.5	0	-84	2	22
5	7	20	37.5	0	-27	3	21
5	7	21	37.5	0	-84	2	21
5	7	22	12.5	0	-27	3	20
5	7	23	12.5	0	-84	2	20
5	7	24	-24.9	0	-41.4	3	49
5	7	25	-24.9	0	-98.4	2	49
5	7	26	-74.9	0	-98.4	2	48
5	7	27	-74.9	0	-41.4	3	48
5	7	28	25.1	0	-98.4	2	50
5	7	29	25.1	0	-41.4	3	50
5	7	30	75.1	0	-98.4	2	51
5	7	31	75.1	0	-41.4	3	51
5	8	0	175.1	0	-12.9	3	73
5	8	1	137.5	0	-27	3	25
5	8	2	175.1	0	-69.9	2	73
5	8	3	137.5	0	-84	2	25
5	8	4	125.1	0	-12.9	3	72
5	8	5	112.5	0	-27	3	24
5	8	6	125.1	0	-69.9	2	72
5	8	7	112.5	0	-84	2	24
5	8	8	162.5	0	-84	2	26
5	8	9	162.5	0	-27	3	26
5	8	10	187.5	0	-84	2	27
5	8	11	187.5	0	-27	3	27
5	8	12	225.1	0	-69.9	2	74
5	8	13	225.1	0	-12.9	3	74
5	8	14	275.1	0	-69.9	2	75
5	8	15	275.1	0	-12.9	3	75
5	8	16	287.5	0	-27	3	31
5	8	17	287.5	0	-84	2	31
5	8	18	262.5	0	-27	3	30
5	8	19	262.5	0	-84	2	30
5	8	20	237.5	0	-27	3	29
5	8	21	237.5	0	-84	2	29
5	8	22	212.5	0	-27	3	28
5	8	23	212.5	0	-84	2	28
5	8	24	175.1	0	-41.4	3	53
5	8	25	175.1	0	-98.4	2	53
5	8	26	125.1	0	-98.4	2	52
5	8	27	125.1	0	-41.4	3	52
5	8	28	225.1	0	-98.4	2	54
5	8	29	225.1	0	-41.4	3	54
5	8	30	275.1	0	-98.4	2	55
5	8	31	275.1	0	-41.4	3	55
5	9	0	375.1	0	-12.9	3	77
5	9	1	337.5	0	-27	3	33
5	9	2	375.1	0	-69.9	2	77
5	9	3	337.5	0	-84	2	33
5	9	4	325.1	0	-12.9	3	76
5	9	5	312.5	0	-27	3	32
5	9	6	325.1	0	-69.9	2	76
5	9	7	312.5	0	-84	2	32
5	9	8	362.5	0	-84	2	34
5	9	9	362.5	0	-27	3	34
5	9	10	387.5	0	-84	2	35
5	9	11	387.5	0	-27	3	35
5	9	12	425.1	0	-69.9	2	78
5	9	13	425.1	0	-12.9	3	78
5	9	14	475.1	0	-69.9	2	79
5	9	15	475.1	0	-12.9	3	79
5	9	16	487.5	0	-27	3	39
5	9	17	487.5	0	-84	2	39
5	9	18	462.5	0	-27	3	38
5	9	19	462.5	0	-84	2	38
5	9	20	437.5	0	-27	3	37
5	9	21	437.5	0	-84	2	37
5	9	22	412.5	0	-27	3	36
5	9	23	412.5	0	-84	2	36
5	9	24	375.1	0	-41.4	3	57
5	9	25	375.1	0	-98.4	2	57
5	9	26	325.1	0	-98.4	2	56
5	9	27	325.1	0	-41.4	3	56
5	9	28	425.1	0	-98.4	2	58
5	9	29	425.1	0	-41.4	3	58
5	9	30	475.1	0	-98.4	2	59
5	9	31	475.1	0	-41.4	3	59
5	10	0	-424.9	0	101.1	5	61
5	10	1	-462.5	0	87	5	1
5	10	2	-424.9	0	44.1	4	61
5	10	3	-462.5	0	30	4	1
5	10	4	-474.9	0	101.1	5	60
5	10	5	-487.5	0	87	5	0
5	10	6	-474.9	0	44.1	4	60
5	10	7	-487.5	0	30	4	0
5	10	8	-437.5	0	30	4	2
5	10	9	-437.5	0	87	5	2
5	10	10	-412.5	0	30	4	3
5	10	11	-412.5	0	87	5	3
5	10	12	-374.9	0	44.1	4	62
5	10	13	-374.9	0	101.1	5	62
5	10	14	-324.9	0	44.1	4	63
5	10	15	-324.9	0	101.1	5	63
5	10	16	-312.5	0	87	5	7
5	10	17	-312.5	0	30	4	7
5	10	18	-337.5	0	87	5	6
5	10	19	-337.5	0	30	4	6
5	10	20	-362.5	0	87	5	5
5	10	21	-362.5	0	30	4	5
5	10	22	-387.5	0	87	5	4
5	10	23	-387.5	0	30	4	4
5	10	24	-424.9	0	72.6	5	41
5	10	25	-424.9	0	15.6	4	41
5	10	26	-474.9	0	15.6	4	40
5	10	27	-474.9	0	72.6	5	40
5	10	28	-374.9	0	15.6	4	42
5	10	29	-374.9	0	72.6	5	42
5	10	30	-324.9	0	15.6	4	43
5	10	31	-324.9	0	72.6	5	43
5	11	0	-224.9	0	101.1	5	65
5	11	1	-262.5	0	87	5	9
5	11	2	-224.9	0	44.1	4	65
5	11	3	-262.5	0	30	4	9
5	11	4	-274.9	0	101.1	5	64
5	11	5	-287.5	0	87	5	8
5	11	6	-274.9	0	44.1	4	64
5	11	7	-287.5	0	30	4	8
5	11	8	-237.5	0	30	4	10
5	11	9	-237.5	0	87	5	10
5	11	10	-212.5	0	30	4	11
5	11	11	-212.5	0	87	5	11
5	11	12	-174.9	0	44.1	4	66
5	11	13	-174.9	0	101.1	5	66
5	11	14	-124.9	0	44.1	4	67
5	11	15	-124.9	0	101.1	5	67
5	11	16	-112.5	0	87	5	15
5	11	17	-112.5	0	30	4	15
5	11	18	-137.5	0	87	5	14
5	11	19	-137.5	0	30	4	14
5	11	20	-162.5	0	87	5	13
5	11	21	-162.5	0	30	4	13
5	11	22	-187.5	0	87	5	12
5	11	23	-187.5	0	30	4	12
5	11	24	-224.9	0	72.6	5	45
5	11	25	-224.9	0	15.6	4	45
5	11	26	-274.9	0	15.6	4	44
5	11	27	-274.9	0	72.6	5	44
5	11	28	-174.9	0	15.6	4	46
5	11	29	-174.9	0	72.6	5	46
5	11	30	-124.9	0	15.6	4	47
5	11	31	-124.9	0	72.6	5	47
5	12	0	-24.9	0	101.1	5	69
5	12	1	-62.5	0	87	5	17
5	12	2	-24.9	0	44.1	4	69
5	12	3	-62.5	0	30	4	17
5	12	4	-74.9	0	101.1	5	68
5	12	5	-87.5	0	87	5	16
5	12	6	-74.9	0	44.1	4	68
5	12	7	-87.5	0	30	4	16
5	12	8	-37.5	0	30	4	18
5	12	9	-37.5	0	87	5	18
5	12	10	-12.5	0	30	4	19
5	12	11	-12.5	0	87	5	19
5	12	12	25.1	0	44.1	4	70
5	12	13	25.1	0	101.1	5	70
5	12	14	75.1	0	44.1	4	71
5	12	15	75.1	0	101.1	5	71
5	12	16	87.5	0	87	5	23
5	12	17	87.5	0	30	4	23
5	12	18	62.5	0	87	5	22
5	12	19	62.5	0	30	4	22
5	12	20	37.5	0	87	5	21
5	12	21	37.5	0	30	4	21
5	12	22	12.5	0	87	5	20
5	12	23	12.5	0	30	4	20
5	12	24	-24.9	0	72.6	5	49
5	12	25	-24.9	0	15.6	4	49
5	12	26	-74.9	0	15.6	4	48
5	12	27	-74.9	0	72.6	5	48
5	12	28	25.1	0	15.6	4	50
5	12	29	25.1	0	72.6	5	50
5	12	30	75.1	0	15.6	4	51
5	12	31	75.1	0	72.6	5	51
5	13	0	175.1	0	101.1	5	73
5	13	1	137.5	0	87	5	25
5	13	2	175.1	0	44.1	4	73
5	13	3	137.5	0	30	4	25
5	13	4	125.1	0	101.1	5	72
5	13	5	112.5	0	87	5	24
5	13	6	125.1	0	44.1	4	72
5	13	7	112.5	0	30	4	24
5	13	8	162.5	0	30	4	26
5	13	9	162.5	0	87	5	26
5	13	10	187.5	0	30	4	27
5	13	11	187.5	0	87	5	27
5	13	12	225.1	0	44.1	4	74
5	13	13	225.1	0	101.1	5	74
5	13	14	275.1	0	44.1	4	75
5	13	15	275.1	0	101.1	5	75
5	13	16	287.5	0	87	5	31
5	13	17	287.5	0	30	4	31
5	13	18	262.5	0	87	5	30
5	13	19	262.5	0	30	4	30
5	13	20	237.5	0	87	5	29
5	13	21	237.5	0	30	4	29
5	13	22	212.5	0	87	5	28
5	13	23	212.5	0	30	4	28
5	13	24	175.1	0	72.6	5	53
5	13	25	175.1	0	15.6	4	53
5	13	26	125.1	0	15.6	4	52
5	13	27	125.1	0	72.6	5	52
5	13	28	225.1	0	15.6	4	54
5	13	29	225.1	0	72.6	5	54
5	13	30	275.1	0	15.6	4	55
5	13	31	275.1	0	72.6	5	55
5	14	0	375.1	0	101.1	5	77
5	14	1	337.5	0	87	5	33
5	14	2	375.1	0	44.1	4	77
5	14	3	337.5	0	30	4	33
5	14	4	325.1	0	101.1	5	76
5	14	5	312.5	0	87	5	32
5	14	6	325.1	0	44.1	4	76
5	14	7	312.5	0	30	4	32
5	14	8	362.5	0	30	4	34
5	14	9	362.5	0	87	5	34
5	14	10	387.5	0	30	4	35
5	14	11	387.5	0	87	5	35
5	14	12	425.1	0	44.1	4	78
5	14	13	425.1	0	101.1	5	78
5	14	14	475.1	0	44.1	4	79
5	14	15	475.1	0	101.1	5	79
5	14	16	487.5	0	87	5	39
5	14	17	487.5	0	30	4	39
5	14	18	462.5	0	87	5	38
5	14	19	462.5	0	30	4	38
5	14	20	437.5	0	87	5	37
5	14	21	437.5	0	30	4	37
5	14	22	412.5	0	87	5	36
5	14	23	412.5	0	30	4	36
5	14	24	375.1	0	72.6	5	57
5	14	25	375.1	0	15.6	4	57
5	14	26	325.1	0	15.6	4	56
5	14	27	325.1	0	72.6	5	56
5	14	28	425.1	0	15.6	4	58
5	14	29	425.1	0	72.6	5	58
5	14	30	475.1	0	15.6	4	59
5	14	31	475.1	0	72.6	5	59
5	15	0	-424.9	0	215.1	7	61
5	15	1	-462.5	0	201	7	1
5	15	2	-424.9	0	158.1	6	61
5	15	3	-462.5	0	144	6	1
5	15	4	-474.9	0	215.1	7	60
5	15	5	-487.5	0	201	7	0
5	15	6	-474.9	0	158.1	6	60
5	15	7	-487.5	0	144	6	0
5	15	8	-437.5	0	144	6	2
5	15	9	-437.5	0	201	7	2
5	15	10	-412.5	0	144	6	3
5	15	11	-412.5	0	201	7	3
5	15	12	-374.9	0	158.1	6	62
5	15	13	-374.9	0	215.1	7	62
5	15	14	-324.9	0	158.1	6	63
5	15	15	-324.9	0	215.1	7	63
5	15	16	-312.5	0	201	7	7
5	15	17	-312.5	0	144	6	7
5	15	18	-337.5	0	201	7	6
5	15	19	-337.5	0	144	6	6
5	15	20	-362.5	0	201	7	5
5	15	21	-362.5	0	144	6	5
5	15	22	-387.5	0	201	7	4
5	15	23	-387.5	0	144	6	4
5	15	24	-424.9	0	186.6	7	41
5	15	25	-424.9	0	129.6	6	41
5	15	26	-474.9	0	129.6	6	40
5	15	27	-474.9	0	186.6	7	40
5	15	28	-374.9	0	129.6	6	42
5	15	29	-374.9	0	186.6	7	42
5	15	30	-324.9	0	129.6	6	43
5	15	31	-324.9	0	186.6	7	43
5	16	0	-224.9	0	215.1	7	65
5	16	1	-262.5	0	201	7	9
5	16	2	-224.9	0	158.1	6	65
5	16	3	-262.5	0	144	6	9
5	16	4	-274.9	0	215.1	7	64
5	16	5	-287.5	0	201	7	8
5	16	6	-274.9	0	158.1	6	64
5	16	7	-287.5	0	144	6	8
5	16	8	-237.5	0	144	6	10
5	16	9	-237.5	0	201	7	10
5	16	10	-212.5	0	144	6	11
5	16	11	-212.5	0	201	7	11
5	16	12	-174.9	0	158.1	6	66
5	16	13	-174.9	0	215.1	7	66
5	16	14	-124.9	0	158.1	6	67
5	16	15	-124.9	0	215.1	7	67
5	16	16	-112.5	0	201	7	15
5	16	17	-112.5	0	144	6	15
5	16	18	-137.5	0	201	7	14
5	16	19	-137.5	0	144	6	14
5	16	20	-162.5	0	201	7	13
5	16	21	-162.5	0	144	6	13
5	16	22	-187.5	0	201	7	12
5	16	23	-187.5	0	144	6	12
5	16	24	-224.9	0	186.6	7	45
5	16	25	-224.9	0	129.6	6	45
5	16	26	-274.9	0	129.6	6	44
5	16	27	-274.9	0	186.6	7	44
5	16	28	-174.9	0	129.6	6	46
5	16	29	-174.9	0	186.6	7	46
5	16	30	-124.9	0	129.6	6	47
5	16	31	-124.9	0	186.6	7	47
5	17	0	-24.9	0	215.1	7	69
5	17	1	-62.5	0	201	7	17
5	17	2	-24.9	0	158.1	6	69
5	17	3	-62.5	0	144	6	17
5	17	4	-74.9	0	215.1	7	68
5	17	5	-87.5	0	201	7	16
5	17	6	-74.9	0	158.1	6	68
5	17	7	-87.5	0	144	6	16
5	17	8	-37.5	0	144	6	18
5	17	9	-37.5	0	201	7	18
5	17	10	-12.5	0	144	6	19
5	17	11	-12.5	0	201	7	19
5	17	12	25.1	0	158.1	6	70
5	17	13	25.1	0	215.1	7	70
5	17	14	75.1	0	158.1	6	71
5	17	15	75.1	0	215.1	7	71
5	17	16	87.5	0	201	7	23
5	17	17	87.5	0	144	6	23
5	17	18	62.5	0	201	7	22
5	17	19	62.5	0	144	6	22
5	17	20	37.5	0	201	7	21
5	17	21	37.5	0	144	6	21
5	17	22	12.5	0	201	7	20
5	17	23	12.5	0	144	6	20
5	17	24	-24.9	0	186.6	7	49
5	17	25	-24.9	0	129.6	6	49
5	17	26	-74.9	0	129.6	6	48
5	17	27	-74.9	0	186.6	7	48
5	17	28	25.1	0	129.6	6	50
5	17	29	25.1	0	186.6	7	50
5	17	30	75.1	0	129.6	6	51
5	17	31	75.1	0	186.6	7	51
5	18	0	175.1	0	215.1	7	73
5	18	1	137.5	0	201	7	25
5	18	2	175.1	0	158.1	6	73
5	18	3	137.5	0	144	6	25
5	18	4	125.1	0	215.1	7	72
5	18	5	112.5	0	201	7	24
5	18	6	125.1	0	158.1	6	72
5	18	7	112.5	0	144	6	24
5	18	8	162.5	0	144	6	26
5	18	9	162.5	0	201	7	26
5	18	10	187.5	0	144	6	27
5	18	11	187.5	0	201	7	27
5	18	12	225.1	0	158.1	6	74
5	18	13	225.1	0	215.1	7	74
5	18	14	275.1	0	158.1	6	75
5	18	15	275.1	0	215.1	7	75
5	18	16	287.5	0	201	7	31
5	18	17	287.5	0	144	6	31
5	18	18	262.5	0	201	7	30
5	18	19	262.5	0	144	6	30
5	18	20	237.5	0	201	7	29
5	18	21	237.5	0	144	6	29
5	18	22	212.5	0	201	7	28
5	18	23	212.5	0	144	6	28
5	18	24	175.1	0	186.6	7	53
5	18	25	175.1	0	129.6	6	53
5	18	26	125.1	0	129.6	6	52
5	18	27	125.1	0	186.6	7	52
5	18	28	225.1	0	129.6	6	54
5	18	29	225.1	0	186.6	7	54
5	18	30	275.1	0	129.6	6	55
5	18	31	275.1	0	186.6	7	55
5	19	0	375.1	0	215.1	7	77
5	19	1	337.5	0	201	7	33
5	19	2	375.1	0	158.1	6	77
5	19	3	337.5	0	144	6	33
5	19	4	325.1	0	215.1	7	76
5	19	5	312.5	0	201	7	32
5	19	6	325.1	0	158.1	6	76
5	19	7	312.5	0	144	6	32
5	19	8	362.5	0	144	6	34
5	19	9	362.5	0	201	7	34
5	19	10	387.5	0	144	6	35
5	19	11	387.5	0	201	7	35
5	19	12	425.1	0	158.1	6	78
5	19	13	425.1	0	215.1	7	78
5	19	14	475.1	0	158.1	6	79
5	19	15	475.1	0	215.1	7	79
5	19	16	487.5	0	201	7	39
5	19	17	487.5	0	144	6	39
5	19	18	462.5	0	201	7	38
5	19	19	462.5	0	144	6	38
5	19	20	437.5	0	201	7	37
5	19	21	437.5	0	144	6	37
5	19	22	412.5	0	201	7	36
5	19	23	412.5	0	144	6	36
5	19	24	375.1	0	186.6	7	57
5	19	25	375.1	0	129.6	6	57
5	19	26	325.1	0	129.6	6	56
5	19	27	325.1	0	186.6	7	56
5	19	28	425.1	0	129.6	6	58
5	19	29	425.1	0	186.6	7	58
5	19	30	475.1	0	129.6	6	59
5	19	31	475.1	0	186.6	7	59
6	0	0	0	462.5	115.5	6	38
6	0	1	0	425.1	129.6	6	58
6	0	2	0	462.5	172.5	7	38
6	0	3	0	425.1	186.6	7	58
6	0	4	0	487.5	115.5	6	39
6	0	5	0	475.1	129.6	6	59
6	0	6	0	487.5	172.5	7	39
6	0	7	0	475.1	186.6	7	59
6	0	8	0	375.1	186.6	7	57
6	0	9	0	375.1	129.6	6	57
6	0	10	0	325.1	186.6	7	56
6	0	11	0	325.1	129.6	6	56
6	0	12	0	437.5	172.5	7	37
6	0	13	0	437.5	115.5	6	37
6	0	14	0	412.5	172.5	7	36
6	0	15	0	412.5	115.5	6	36
6	0	16	0	312.5	115.5	6	32
6	0	17	0	312.5	172.5	7	32
6	0	18	0	337.5	115.5	6	33
6	0	19	0	337.5	172.5	7	33
6	0	20	0	362.5	115.5	6	34
6	0	21	0	362.5	172.5	7	34
6	0	22	0	387.5	115.5	6	35
6	0	23	0	387.5	172.5	7	35
6	0	24	0	425.1	158.1	6	78
6	0	25	0	425.1	215.1	7	78
6	0	26	0	475.1	215.1	7	79
6	0	27	0	475.1	158.1	6	79
6	0	28	0	375.1	215.1	7	77
6	0	29	0	375.1	158.1	6	77
6	0	30	0	325.1	215.1	7	76
6	0	31	0	325.1	158.1	6	76
6	1	0	0	262.5	115.5	6	30
6	1	1	0	225.1	129.6	6	54
6	1	2	0	262.5	172.5	7	30
6	1	3	0	225.1	186.6	7	54
6	1	4	0	287.5	115.5	6	31
6	1	5	0	275.1	129.6	6	55
6	1	6	0	287.5	172.5	7	31
6	1	7	0	275.1	186.6	7	55
6	1	8	0	175.1	186.6	7	53
6	1	9	0	175.1	129.6	6	53
6	1	10	0	125.1	186.6	7	52
6	1	11	0	125.1	129.6	6	52
6	1	12	0	237.5	172.5	7	29
6	1	13	0	237.5	115.5	6	29
6	1	14	0	212.5	172.5	7	28
6	1	15	0	212.5	115.5	6	28
6	1	16	0	112.5	115.5	6	24
6	1	17	0	112.5	172.5	7	24
6	1	18	0	137.5	115.5	6	25
6	1	19	0	137.5	172.5	7	25
6	1	20	0	162.5	115.5	6	26
6	1	21	0	162.5	172.5	7	26
6	1	22	0	187.5	115.5	6	27
6	1	23	0	187.5	172.5	7	27
6	1	24	0	225.1	158.1	6	74
6	1	25	0	225.1	215.1	7	74
6	1	26	0	275.1	215.1	7	75
6	1	27	0	275.1	158.1	6	75
6	1	28	0	175.1	215.1	7	73
6	1	29	0	175.1	158.1	6	73
6	1	30	0	125.1	215.1	7	72
6	1	31	0	125.1	158.1	6	72
6	2	0	0	62.5	115.5	6	22
6	2	1	0	25.1	129.6	6	50
6	2	2	0	62.5	172.5	7	22
6	2	3	0	25.1	186.6	7	50
6	2	4	0	87.5	115.5	6	23
6	2	5	0	75.1	129.6	6	51
6	2	6	0	87.5	172.5	7	23
6	2	7	0	75.1	186.6	7	51
6	2	8	0	-24.9	186.6	7	49
6	2	9	0	-24.9	129.6	6	49
6	2	10	0	-74.9	186.6	7	48
6	2	11	0	-74.9	129.6	6	48
6	2	12	0	37.5	172.5	7	21
6	2	13	0	37.5	115.5	6	21
6	2	14	0	12.5	172.5	7	20
6	2	15	0	12.5	115.5	6	20
6	2	16	0	-87.5	115.5	6	16
6	2	17	0	-87.5	172.5	7	16
6	2	18	0	-62.5	115.5	6	17
6	2	19	0	-62.5	172.5	7	17
6	2	20	0	-37.5	115.5	6	18
6	2	21	0	-37.5	172.5	7	18
6	2	22	0	-12.5	115.5	6	19
6	2	23	0	-12.5	172.5	7	19
6	2	24	0	25.1	158.1	6	70
6	2	25	0	25.1	215.1	7	70
6	2	26	0	75.1	215.1	7	71
6	2	27	0	75.1	158.1	6	71
6	2	28	0	-24.9	215.1	7	69
6	2	29	0	-24.9	158.1	6	69
6	2	30	0	-74.9	215.1	7	68
6	2	31	0	-74.9	158.1	6	68
6	3	0	0	-137.5	115.5	6	14
6	3	1	0	-174.9	129.6	6	46
6	3	2	0	-137.5	172.5	7	14
6	3	3	0	-174.9	186.6	7	46
6	3	4	0	-112.5	115.5	6	15
6	3	5	0	-124.9	129.6	6	47
6	3	6	0	-112.5	172.5	7	15
6	3	7	0	-124.9	186.6	7	47
6	3	8	0	-224.9	186.6	7	45
6	3	9	0	-224.9	129.6	6	45
6	3	10	0	-274.9	186.6	7	44
6	3	11	0	-274.9	129.6	6	44
6	3	12	0	-162.5	172.5	7	13
6	3	13	0	-162.5	115.5	6	13
6	3	14	0	-187.5	172.5	7	12
6	3	15	0	-187.5	115.5	6	12
6	3	16	0	-287.5	115.5	6	8
6	3	17	0	-287.5	172.5	7	8
6	3	18	0	-262.5	115.5	6	9
6	3	19	0	-262.5	172.5	7	9
6	3	20	0	-237.5	115.5	6	10
6	3	21	0	-237.5	172.5	7	10
6	3	22	0	-212.5	115.5	6	11
6	3	23	0	-212.5	172.5	7	11
6	3	24	0	-174.9	158.1	6	66
6	3	25	0	-174.9	215.1	7	66
6	3	26	0	-124.9	215.1	7	67
6	3	27	0	-124.9	158.1	6	67
6	3	28	0	-224.9	215.1	7	65
6	3	29	0	-224.9	158.1	6	65
6	3	30	0	-274.9	215.1	7	64
6	3	31	0	-274.9	158.1	6	64
6	4	0	0	-337.5	115.5	6	6
6	4	1	0	-374.9	129.6	6	42
6	4	2	0	-337.5	172.5	7	6
6	4	3	0	-374.9	186.6	7	42
6	4	4	0	-312.5	115.5	6	7
6	4	5	0	-324.9	129.6	6	43
6	4	6	0	-312.5	172.5	7	7
6	4	7	0	-324.9	186.6	7	43
6	4	8	0	-424.9	186.6	7	41
6	4	9	0	-424.9	129.6	6	41
6	4	10	0	-474.9	186.6	7	40
6	4	11	0	-474.9	129.6	6	40
6	4	12	0	-362.5	172.5	7	5
6	4	13	0	-362.5	115.5	6	5
6	4	14	0	-387.5	172.5	7	4
6	4	15	0	-387.5	115.5	6	4
6	4	16	0	-487.5	115.5	6	0
6	4	17	0	-487.5	172.5	7	0
6	4	18	0	-462.5	115.5	6	1
6	4	19	0	-462.5	172.5	7	1
6	4	20	0	-437.5	115.5	6	2
6	4	21	0	-437.5	172.5	7	2
6	4	22	0	-412.5	115.5	6	3
6	4	23	0	-412.5	172.5	7	3
6	4	24	0	-374.9	158.1	6	62
6	4	25	0	-374.9	215.1	7	62
6	4	26	0	-324.9	215.1	7	63
6	4	27	0	-324.9	158.1	6	63
6	4	28	0	-424.9	215.1	7	61
6	4	29	0	-424.9	158.1	6	61
6	4	30	0	-474.9	215.1	7	60
6	4	31	0	-474.9	158.1	6	60
6	5	0	0	462.5	1.5	4	38
6	5	1	0	425.1	15.6	4	58
6	5	2	0	462.5	58.5	5	38
6	5	3	0	425.1	72.6	5	58
6	5	4	0	487.5	1.5	4	39
6	5	5	0	475.1	15.6	4	59
6	5	6	0	487.5	58.5	5	39
6	5	7	0	475.1	72.6	5	59
6	5	8	0	375.1	72.6	5	57
6	5	9	0	375.1	15.6	4	57
6	5	10	0	325.1	72.6	5	56
6	5	11	0	325.1	15.6	4	56
6	5	12	0	437.5	58.5	5	37
6	5	13	0	437.5	1.5	4	37
6	5	14	0	412.5	58.5	5	36
6	5	15	0	412.5	1.5	4	36
6	5	16	0	312.5	1.5	4	32
6	5	17	0	312.5	58.5	5	32
6	5	18	0	337.5	1.5	4	33
6	5	19	0	337.5	58.5	5	33
6	5	20	0	362.5	1.5	4	34
6	5	21	0	362.5	58.5	5	34
6	5	22	0	387.5	1.5	4	35
6	5	23	0	387.5	58.5	5	35
6	5	24	0	425.1	44.1	4	78
6	5	25	0	425.1	101.1	5	78
6	5	26	0	475.1	101.1	5	79
6	5	27	0	475.1	44.1	4	79
6	5	28	0	375.1	101.1	5	77
6	5	29	0	375.1	44.1	4	77
6	5	30	0	325.1	101.1	5	76
6	5	31	0	325.1	44.1	4	76
6	6	0	0	262.5	1.5	4	30
6	6	1	0	225.1	15.6	4	54
6	6	2	0	262.5	58.5	5	30
6	6	3	0	225.1	72.6	5	54
6	6	4	0	287.5	1.5	4	31
6	6	5	0	275.1	15.6	4	55
6	6	6	0	287.5	58.5	5	31
6	6	7	0	275.1	72.6	5	55
6	6	8	0	175.1	72.6	5	53
6	6	9	0	175.1	15.6	4	53
6	6	10	0	125.1	72.6	5	52
6	6	11	0	125.1	15.6	4	52
6	6	12	0	237.5	58.5	5	29
6	6	13	0	237.5	1.5	4	29
6	6	14	0	212.5	58.5	5	28
6	6	15	0	212.5	1.5	4	28
6	6	16	0	112.5	1.5	4	24
6	6	17	0	112.5	58.5	5	24
6	6	18	0	137.5	1.5	4	25
6	6	19	0	137.5	58.5	5	25
6	6	20	0	162.5	1.5	4	26
6	6	21	0	162.5	58.5	5	26
6	6	22	0	187.5	1.5	4	27
6	6	23	0	187.5	58.5	5	27
6	6	24	0	225.1	44.1	4	74
6	6	25	0	225.1	101.1	5	74
6	6	26	0	275.1	101.1	5	75
6	6	27	0	275.1	44.1	4	75
6	6	28	0	175.1	101.1	5	73
6	6	29	0	175.1	44.1	4	73
6	6	30	0	125.1	101.1	5	72
6	6	31	0	125.1	44.1	4	72
6	7	0	0	62.5	1.5	4	22
6	7	1	0	25.1	15.6	4	50
6	7	2	0	62.5	58.5	5	22
6	7	3	0	25.1	72.6	5	50
6	7	4	0	87.5	1.5	4	23
6	7	5	0	75.1	15.6	4	51
6	7	6	0	87.5	58.5	5	23
6	7	7	0	75.1	72.6	5	51
6	7	8	0	-24.9	72.6	5	49
6	7	9	0	-24.9	15.6	4	49
6	7	10	0	-74.9	72.6	5	48
6	7	11	0	-74.9	15.6	4	48
6	7	12	0	37.5	58.5	5	21
6	7	13	0	37.5	1.5	4	21
6	7	14	0	12.5	58.5	5	20
6	7	15	0	12.5	1.5	4	20
6	7	16	0	-87.5	1.5	4	16
6	7	17	0	-87.5	58.5	5	16
6	7	18	0	-62.5	1.5	4	17
6	7	19	0	-62.5	58.5	5	17
6	7	20	0	-37.5	1.5	4	18
6	7	21	0	-37.5	58.5	5	18
6	7	22	0	-12.5	1.5	4	19
6	7	23	0	-12.5	58.5	5	19
6	7	24	0	25.1	44.1	4	70
6	7	25	0	25.1	101.1	5	70
6	7	26	0	75.1	101.1	5	71
6	7	27	0	75.1	44.1	4	71
6	7	28	0	-24.9	101.1	5	69
6	7	29	0	-24.9	44.1	4	69
6	7	30	0	-74.9	101.1	5	68
6	7	31	0	-74.9	44.1	4	68
6	8	0	0	-137.5	1.5	4	14
6	8	1	0	-174.9	15.6	4	46
6	8	2	0	-137.5	58.5	5	14
6	8	3	0	-174.9	72.6	5	46
6	8	4	0	-112.5	1.5	4	15
6	8	5	0	-124.9	15.6	4	47
6	8	6	0	-112.5	58.5	5	15
6	8	7	0	-124.9	72.6	5	47
6	8	8	0	-224.9	72.6	5	45
6	8	9	0	-224.9	15.6	4	45
6	8	10	0	-274.9	72.6	5	44
6	8	11	0	-274.9	15.6	4	44
6	8	12	0	-162.5	58.5	5	13
6	8	13	0	-162.5	1.5	4	13
6	8	14	0	-187.5	58.5	5	12
6	8	15	0	-187.5	1.5	4	12
6	8	16	0	-287.5	1.5	4	8
6	8	17	0	-287.5	58.5	5	8
6	8	18	0	-262.5	1.5	4	9
6	8	19	0	-262.5	58.5	5	9
6	8	20	0	-237.5	1.5	4	10
6	8	21	0	-237.5	58.5	5	10
6	8	22	0	-212.5	1.5	4	11
6	8	23	0	-212.5	58.5	5	11
6	8	24	0	-174.9	44.1	4	66
6	8	25	0	-174.9	101.1	5	66
6	8	26	0	-124.9	101.1	5	67
6	8	27	0	-124.9	44.1	4	67
6	8	28	0	-224.9	101.1	5	65
6	8	29	0	-224.9	44.1	4	65
6	8	30	0	-274.9	101.1	5	64
6	8	31	0	-274.9	44.1	4	64
6	9	0	0	-337.5	1.5	4	6
6	9	1	0	-374.9	15.6	4	42
6	9	2	0	-337.5	58.5	5	6
6	9	3	0	-374.9	72.6	5	42
6	9	4	0	-312.5	1.5	4	7
6	9	5	0	-324.9	15.6	4	43
6	9	6	0	-312.5	58.5	5	7
6	9	7	0	-324.9	72.6	5	43
6	9	8	0	-424.9	72.6	5	41
6	9	9	0	-424.9	15.6	4	41
6	9	10	0	-474.9	72.6	5	40
6	9	11	0	-474.9	15.6	4	40
6	9	12	0	-362.5	58.5	5	5
6	9	13	0	-362.5	1.5	4	5
6	9	14	0	-387.5	58.5	5	4
6	9	15	0	-387.5	1.5	4	4
6	9	16	0	-487.5	1.5	4	0
6	9	17	0	-487.5	58.5	5	0
6	9	18	0	-462.5	1.5	4	1
6	9	19	0	-462.5	58.5	5	1
6	9	20	0	-437.5	1.5	4	2
6	9	21	0	-437.5	58.5	5	2
6	9	22	0	-412.5	1.5	4	3
6	9	23	0	-412.5	58.5	5	3
6	9	24	0	-374.9	44.1	4	62
6	9	25	0	-374.9	101.1	5	62
6	9	26	0	-324.9	101.1	5	63
6	9	27	0	-324.9	44.1	4	63
6	9	28	0	-424.9	101.1	5	61
6	9	29	0	-424.9	44.1	4	61
6	9	30	0	-474.9	101.1	5	60
6	9	31	0	-474.9	44.1	4	60
6	10	0	0	462.5	-112.5	2	38
6	10	1	0	425.1	-98.4	2	58
6	10	2	0	462.5	-55.5	3	38
6	10	3	0	425.1	-41.4	3	58
6	10	4	0	487.5	-112.5	2	39
6	10	5	0	475.1	-98.4	2	59
6	10	6	0	487.5	-55.5	3	39
6	10	7	0	475.1	-41.4	3	59
6	10	8	0	375.1	-41.4	3	57
6	10	9	0	375.1	-98.4	2	57
6	10	10	0	325.1	-41.4	3	56
6	10	11	0	325.1	-98.4	2	56
6	10	12	0	437.5	-55.5	3	37
6	10	13	0	437.5	-112.5	2	37
6	10	14	0	412.5	-55.5	3	36
6	10	15	0	412.5	-112.5	2	36
6	10	16	0	312.5	-112.5	2	32
6	10	17	0	312.5	-55.5	3	32
6	10	18	0	337.5	-112.5	2	33
6	10	19	0	337.5	-55.5	3	33
6	10	20	0	362.5	-112.5	2	34
6	10	21	0	362.5	-55.5	3	34
6	10	22	0	387.5	-112.5	2	35
6	10	23	0	387.5	-55.5	3	35
6	10	24	0	425.1	-69.9	2	78
6	10	25	0	425.1	-12.9	3	78
6	10	26	0	475.1	-12.9	3	79
6	10	27	0	475.1	-69.9	2	79
6	10	28	0	375.1	-12.9	3	77
6	10	29	0	375.1	-69.9	2	77
6	10	30	0	325.1	-12.9	3	76
6	10	31	0	325.1	-69.9	2	76
6	11	0	0	262.5	-112.5	2	30
6	11	1	0	225.1	-98.4	2	54
6	11	2	0	262.5	-55.5	3	30
6	11	3	0	225.1	-41.4	3	54
6	11	4	0	287.5	-112.5	2	31
6	11	5	0	275.1	-98.4	2	55
6	11	6	0	287.5	-55.5	3	31
6	11	7	0	275.1	-41.4	3	55
6	11	8	0	175.1	-41.4	3	53
6	11	9	0	175.1	-98.4	2	53
6	11	10	0	125.1	-41.4	3	52
6	11	11	0	125.1	-98.4	2	52
6	11	12	0	237.5	-55.5	3	29
6	11	13	0	237.5	-112.5	2	29
6	11	14	0	212.5	-55.5	3	28
6	11	15	0	212.5	-112.5	2	28
6	11	16	0	112.5	-112.5	2	24
6	11	17	0	112.5	-55.5	3	24
6	11	18	0	137.5	-112.5	2	25
6	11	19	0	137.5	-55.5	3	25
6	11	20	0	162.5	-112.5	2	26
6	11	21	0	162.5	-55.5	3	26
6	11	22	0	187.5	-112.5	2	27
6	11	23	0	187.5	-55.5	3	27
6	11	24	0	225.1	-69.9	2	74
6	11	25	0	225.1	-12.9	3	74
6	11	26	0	275.1	-12.9	3	75
6	11	27	0	275.1	-69.9	2	75
6	11	28	0	175.1	-12.9	3	73
6	11	29	0	175.1	-69.9	2	73
6	11	30	0	125.1	-12.9	3	72
6	11	31	0	125.1	-69.9	2	72
6	12	0	0	62.5	-112.5	2	22
6	12	1	0	25.1	-98.4	2	50
6	12	2	0	62.5	-55.5	3	22
6	12	3	0	25.1	-41.4	3	50
6	12	4	0	87.5	-112.5	2	23
6	12	5	0	75.1	-98.4	2	51
6	12	6	0	87.5	-55.5	3	23
6	12	7	0	75.1	-41.4	3	51
6	12	8	0	-24.9	-41.4	3	49
6	12	9	0	-24.9	-98.4	2	49
6	12	10	0	-74.9	-41.4	3	48
6	12	11	0	-74.9	-98.4	2	48
6	12	12	0	37.5	-55.5	3	21
6	12	13	0	37.5	-112.5	2	21
6	12	14	0	12.5	-55.5	3	20
6	12	15	0	12.5	-112.5	2	20
6	12	16	0	-87.5	-112.5	2	16
6	12	17	0	-87.5	-55.5	3	16
6	12	18	0	-62.5	-112.5	2	17
6	12	19	0	-62.5	-55.5	3	17
6	12	20	0	-37.5	-112.5	2	18
6	12	21	0	-37.5	-55.5	3	18
6	12	22	0	-12.5	-112.5	2	19
6	12	23	0	-12.5	-55.5	3	19
6	12	24	0	25.1	-69.9	2	70
6	12	25	0	25.1	-12.9	3	70
6	12	26	0	75.1	-12.9	3	71
6	12	27	0	75.1	-69.9	2	71
6	12	28	0	-24.9	-12.9	3	69
6	12	29	0	-24.9	-69.9	2	69
6	12	30	0	-74.9	-12.9	3	68
6	12	31	0	-74.9	-69.9	2	68
6	13	0	0	-137.5	-112.5	2	14
6	13	1	0	-174.9	-98.4	2	46
6	13	2	0	-137.5	-55.5	3	14
6	13	3	0	-174.9	-41.4	3	46
6	13	4	0	-112.5	-112.5	2	15
6	13	5	0	-124.9	-98.4	2	47
6	13	6	0	-112.5	-55.5	3	15
6	13	7	0	-124.9	-41.4	3	47
6	13	8	0	-224.9	-41.4	3	45
6	13	9	0	-224.9	-98.4	2	45
6	13	10	0	-274.9	-41.4	3	44
6	13	11	0	-274.9	-98.4	2	44
6	13	12	0	-162.5	-55.5	3	13
6	13	13	0	-162.5	-112.5	2	13
6	13	14	0	-187.5	-55.5	3	12
6	13	15	0	-187.5	-112.5	2	12
6	13	16	0	-287.5	-112.5	2	8
6	13	17	0	-287.5	-55.5	3	8
6	13	18	0	-262.5	-112.5	2	9
6	13	19	0	-262.5	-55.5	3	9
6	13	20	0	-237.5	-112.5	2	10
6	13	21	0	-237.5	-55.5	3	10
6	13	22	0	-212.5	-112.5	2	11
6	13	23	0	-212.5	-55.5	3	11
6	13	24	0	-174.9	-69.9	2	66
6	13	25	0	-174.9	-12.9	3	66
6	13	26	0	-124.9	-12.9	3	67
6	13	27	0	-124.9	-69.9	2	67
6	13	28	0	-224.9	-12.9	3	65
6	13	29	0	-224.9	-69.9	2	65
6	13	30	0	-274.9	-12.9	3	64
6	13	31	0	-274.9	-69.9	2	64
6	14	0	0	-337.5	-112.5	2	6
6	14	1	0	-374.9	-98.4	2	42
6	14	2	0	-337.5	-55.5	3	6
6	14	3	0	-374.9	-41.4	3	42
6	14	4	0	-312.5	-112.5	2	7
6	14	5	0	-324.9	-98.4	2	43
6	14	6	0	-312.5	-55.5	3	7
6	14	7	0	-324.9	-41.4	3	43
6	14	8	0	-424.9	-41.4	3	41
6	14	9	0	-424.9	-98.4	2	41
6	14	10	0	-474.9	-41.4	3	40
6	14	11	0	-474.9	-98.4	2	40
6	14	12	0	-362.5	-55.5	3	5
6	14	13	0	-362.5	-112.5	2	5
6	14	14	0	-387.5	-55.5	3	4
6	14	15	0	-387.5	-112.5	2	4
6	14	16	0	-487.5	-112.5	2	0
6	14	17	0	-487.5	-55.5	3	0
6	14	18	0	-462.5	-112.5	2	1
6	14	19	0	-462.5	-55.5	3	1
6	14	20	0	-437.5	-112.5	2	2
6	14	21	0	-437.5	-55.5	3	2
6	14	22	0	-412.5	-112.5	2	3
6	14	23	0	-412.5	-55.5	3	3
6	14	24	0	-374.9	-69.9	2	62
6	14	25	0	-374.9	-12.9	3	62
6	14	26	0	-324.9	-12.9	3	63
6	14	27	0	-324.9	-69.9	2	63
6	14	28	0	-424.9	-12.9	3	61
6	14	29	0	-424.9	-69.9	2	61
6	14	30	0	-474.9	-12.9	3	60
6	14	31	0	-474.9	-69.9	2	60
6	15	0	0	462.5	-226.5	0	38
6	15	1	0	425.1	-212.4	0	58
6	15	2	0	462.5	-169.5	1	38
6	15	3	0	425.1	-155.4	1	58
6	15	4	0	487.5	-226.5	0	39
6	15	5	0	475.1	-212.4	0	59
6	15	6	0	487.5	-169.5	1	39
6	15	7	0	475.1	-155.4	1	59
6	15	8	0	375.1	-155.4	1	57
6	15	9	0	375.1	-212.4	0	57
6	15	10	0	325.1	-155.4	1	56
6	15	11	0	325.1	-212.4	0	56
6	15	12	0	437.5	-169.5	1	37
6	15	13	0	437.5	-226.5	0	37
6	15	14	0	412.5	-169.5	1	36
6	15	15	0	412.5	-226.5	0	36
6	15	16	0	312.5	-226.5	0	32
6	15	17	0	312.5	-169.5	1	32
6	15	18	0	337.5	-226.5	0	33
6	15	19	0	337.5	-169.5	1	33
6	15	20	0	362.5	-226.5	0	34
6	15	21	0	362.5	-169.5	1	34
6	15	22	0	387.5	-226.5	0	35
6	15	23	0	387.5	-169.5	1	35
6	15	24	0	425.1	-183.9	0	78
6	15	25	0	425.1	-126.9	1	78
6	15	26	0	475.1	-126.9	1	79
6	15	27	0	475.1	-183.9	0	79
6	15	28	0	375.1	-126.9	1	77
6	15	29	0	375.1	-183.9	0	77
6	15	30	0	325.1	-126.9	1	76
6	15	31	0	325.1	-183.9	0	76
6	16	0	0	262.5	-226.5	0	30
6	16	1	0	225.1	-212.4	0	54
6	16	2	0	262.5	-169.5	1	30
6	16	3	0	225.1	-155.4	1	54
6	16	4	0	287.5	-226.5	0	31
6	16	5	0	275.1	-212.4	0	55
6	16	6	0	287.5	-169.5	1	31
6	16	7	0	275.1	-155.4	1	55
6	16	8	0	175.1	-155.4	1	53
6	16	9	0	175.1	-212.4	0	53
6	16	10	0	125.1	-155.4	1	52
6	16	11	0	125.1	-212.4	0	52
6	16	12	0	237.5	-169.5	1	29
6	16	13	0	237.5	-226.5	0	29
6	16	14	0	212.5	-169.5	1	28
6	16	15	0	212.5	-226.5	0	28
6	16	16	0	112.5	-226.5	0	24
6	16	17	0	112.5	-169.5	1	24
6	16	18	0	137.5	-226.5	0	25
6	16	19	0	137.5	-169.5	1	25
6	16	20	0	162.5	-226.5	0	26
6	16	21	0	162.5	-169.5	1	26
6	16	22	0	187.5	-226.5	0	27
6	16	23	0	187.5	-169.5	1	27
6	16	24	0	225.1	-183.9	0	74
6	16	25	0	225.1	-126.9	1	74
6	16	26	0	275.1	-126.9	1	75
6	16	27	0	275.1	-183.9	0	75
6	16	28	0	175.1	-126.9	1	73
6	16	29	0	175.1	-183.9	0	73
6	16	30	0	125.1	-126.9	1	72
6	16	31	0	125.1	-183.9	0	72
6	17	0	0	62.5	-226.5	0	22
6	17	1	0	25.1	-212.4	0	50
6	17	2	0	62.5	-169.5	1	22
6	17	3	0	25.1	-155.4	1	50
6	17	4	0	87.5	-226.5	0	23
6	17	5	0	75.1	-212.4	0	51
6	17	6	0	87.5	-169.5	1	23
6	17	7	0	75.1	-155.4	1	51
6	17	8	0	-24.9	-155.4	1	49
6	17	9	0	-24.9	-212.4	0	49
6	17	10	0	-74.9	-155.4	1	48
6	17	11	0	-74.9	-212.4	0	48
6	17	12	0	37.5	-169.5	1	21
6	17	13	0	37.5	-226.5	0	21
6	17	14	0	12.5	-169.5	1	20
6	17	15	0	12.5	-226.5	0	20
6	17	16	0	-87.5	-226.5	0	16
6	17	17	0	-87.5	-169.5	1	16
6	17	18	0	-62.5	-226.5	0	17
6	17	19	0	-62.5	-169.5	1	17
6	17	20	0	-37.5	-226.5	0	18
6	17	21	0	-37.5	-169.5	1	18
6	17	22	0	-12.5	-226.5	0	19
6	17	23	0	-12.5	-169.5	1	19
6	17	24	0	25.1	-183.9	0	70
6	17	25	0	25.1	-126.9	1	70
6	17	26	0	75.1	-126.9	1	71
6	17	27	0	75.1	-183.9	0	71
6	17	28	0	-24.9	-126.9	1	69
6	17	29	0	-24.9	-183.9	0	69
6	17	30	0	-74.9	-126.9	1	68
6	17	31	0	-74.9	-183.9	0	68
6	18	0	0	-137.5	-226.5	0	14
6	18	1	0	-174.9	-212.4	0	46
6	18	2	0	-137.5	-169.5	1	14
6	18	3	0	-174.9	-155.4	1	46
6	18	4	0	-112.5	-226.5	0	15
6	18	5	0	-124.9	-212.4	0	47
6	18	6	0	-112.5	-169.5	1	15
6	18	7	0	-124.9	-155.4	1	47
6	18	8	0	-224.9	-155.4	1	45
6	18	9	0	-224.9	-212.4	0	45
6	18	10	0	-274.9	-155.4	1	44
6	18	11	0	-274.9	-212.4	0	44
6	18	12	0	-162.5	-169.5	1	13
6	18	13	0	-162.5	-226.5	0	13
6	18	14	0	-187.5	-169.5	1	12
6	18	15	0	-187.5	-226.5	0	12
6	18	16	0	-287.5	-226.5	0	8
6	18	17	0	-287.5	-169.5	1	8
6	18	18	0	-262.5	-226.5	0	9
6	18	19	0	-262.5	-169.5	1	9
6	18	20	0	-237.5	-226.5	0	10
6	18	21	0	-237.5	-169.5	1	10
6	18	22	0	-212.5	-226.5	0	11
6	18	23	0	-212.5	-169.5	1	11
6	18	24	0	-174.9	-183.9	0	66
6	18	25	0	-174.9	-126.9	1	66
6	18	26	0	-124.9	-126.9	1	67
6	18	27	0	-124.9	-183.9	0	67
6	18	28	0	-224.9	-126.9	1	65
6	18	29	0	-224.9	-183.9	0	65
6	18	30	0	-274.9	-126.9	1	64
6	18	31	0	-274.9	-183.9	0	64
6	19	0	0	-337.5	-226.5	0	6
6	19	1	0	-374.9	-212.4	0	42
6	19	2	0	-337.5	-169.5	1	6
6	19	3	0	-374.9	-155.4	1	42
6	19	4	0	-312.5	-226.5	0	7
6	19	5	0	-324.9	-212.4	0	43
6	19	6	0	-312.5	-169.5	1	7
6	19	7	0	-324.9	-155.4	1	43
6	19	8	0	-424.9	-155.4	1	41
6	19	9	0	-424.9	-212.4	0	41
6	19	10	0	-474.9	-155.4	1	40
6	19	11	0	-474.9	-212.4	0	40
6	19	12	0	-362.5	-169.5	1	5
6	19	13	0	-362.5	-226.5	0	5
6	19	14	0	-387.5	-169.5	1	4
6	19	15	0	-387.5	-226.5	0	4
6	19	16	0	-487.5	-226.5	0	0
6	19	17	0	-487.5	-169.5	1	0
6	19	18	0	-462.5	-226.5	0	1
6	19	19	0	-462.5	-169.5	1	1
6	19	20	0	-437.5	-226.5	0	2
6	19	21	0	-437.5	-169.5	1	2
6	19	22	0	-412.5	-226.5	0	3
6	19	23	0	-412.5	-169.5	1	3
6	19	24	0	-374.9	-183.9	0	62
6	19	25	0	-374.9	-126.9	1	62
6	19	26	0	-324.9	-126.9	1	63
6	19	27	0	-324.9	-183.9	0	63
6	19	28	0	-424.9	-126.9	1	61
6	19	29	0	-424.9	-183.9	0	61
6	19	30	0	-474.9	-126.9	1	60
6	19	31	0	-474.9	-183.9	0	60
7	0	0	-424.9	0	-126.9	1	61
7	0	1	-462.5	0	-141	1	1
7	0	2	-424.9	0	-183.9	0	61
7	0	3	-462.5	0	-198	0	1
7	0	4	-474.9	0	-126.9	1	60
7	0	5	-487.5	0	-141	1	0
7	0	6	-474.9	0	-183.9	0	60
7	0	7	-487.5	0	-198	0	0
7	0	8	-437.5	0	-198	0	2
7	0	9	-437.5	0	-141	1	2
7	0	10	-412.5	0	-198	0	3
7	0	11	-412.5	0	-141	1	3
7	0	12	-374.9	0	-183.9	0	62
7	0	13	-374.9	0	-126.9	1	62
7	0	14	-324.9	0	-183.9	0	63
7	0	15	-324.9	0	-126.9	1	63
7	0	16	-312.5	0	-141	1	7
7	0	17	-312.5	0	-198	0	7
7	0	18	-337.5	0	-141	1	6
7	0	19	-337.5	0	-198	0	6
7	0	20	-362.5	0	-141	1	5
7	0	21	-362.5	0	-198	0	5
7	0	22	-387.5	0	-141	1	4
7	0	23	-387.5	0	-198	0	4
7	0	24	-424.9	0	-155.4	1	41
7	0	25	-424.9	0	-212.4	0	41
7	0	26	-474.9	0	-212.4	0	40
7	0	27	-474.9	0	-155.4	1	40
7	0	28	-374.9	0	-212.4	0	42
7	0	29	-374.9	0	-155.4	1	42
7	0	30	-324.9	0	-212.4	0	43
7	0	31	-324.9	0	-155.4	1	43
7	1	0	-224.9	0	-126.9	1	65
7	1	1	-262.5	0	-141	1	9
7	1	2	-224.9	0	-183.9	0	65
7	1	3	-262.5	0	-198	0	9
7	1	4	-274.9	0	-126.9	1	64
7	1	5	-287.5	0	-141	1	8
7	1	6	-274.9	0	-183.9	0	64
7	1	7	-287.5	0	-198	0	8
7	1	8	-237.5	0	-198	0	10
7	1	9	-237.5	0	-141	1	10
7	1	10	-212.5	0	-198	0	11
7	1	11	-212.5	0	-141	1	11
7	1	12	-174.9	0	-183.9	0	66
7	1	13	-174.9	0	-126.9	1	66
7	1	14	-124.9	0	-183.9	0	67
7	1	15	-124.9	0	-126.9	1	67
7	1	16	-112.5	0	-141	1	15
7	1	17	-112.5	0	-198	0	15
7	1	18	-137.5	0	-141	1	14
7	1	19	-137.5	0	-198	0	14
7	1	20	-162.5	0	-141	1	13
7	1	21	-162.5	0	-198	0	13
7	1	22	-187.5	0	-141	1	12
7	1	23	-187.5	0	-198	0	12
7	1	24	-224.9	0	-155.4	1	45
7	1	25	-224.9	0	-212.4	0	45
7	1	26	-274.9	0	-212.4	0	44
7	1	27	-274.9	0	-155.4	1	44
7	1	28	-174.9	0	-212.4	0	46
7	1	29	-174.9	0	-155.4	1	46
7	1	30	-124.9	0	-212.4	0	47
7	1	31	-124.9	0	-155.4	1	47
7	2	0	-24.9	0	-126.9	1	69
7	2	1	-62.5	0	-141	1	17
7	2	2	-24.9	0	-183.9	0	69
7	2	3	-62.5	0	-198	0	17
7	2	4	-74.9	0	-126.9	1	68
7	2	5	-87.5	0	-141	1	16
7	2	6	-74.9	0	-183.9	0	68
7	2	7	-87.5	0	-198	0	16
7	2	8	-37.5	0	-198	0	18
7	2	9	-37.5	0	-141	1	18
7	2	10	-12.5	0	-198	0	19
7	2	11	-12.5	0	-141	1	19
7	2	12	25.1	0	-183.9	0	70
7	2	13	25.1	0	-126.9	1	70
7	2	14	75.1	0	-183.9	0	71
7	2	15	75.1	0	-126.9	1	71
7	2	16	87.5	0	-141	1	23
7	2	17	87.5	0	-198	0	23
7	2	18	62.5	0	-141	1	22
7	2	19	62.5	0	-198	0	22
7	2	20	37.5	0	-141	1	21
7	2	21	37.5	0	-198	0	21
7	2	22	12.5	0	-141	1	20
7	2	23	12.5	0	-198	0	20
7	2	24	-24.9	0	-155.4	1	49
7	2	25	-24.9	0	-212.4	0	49
7	2	26	-74.9	0	-212.4	0	48
7	2	27	-74.9	0	-155.4	1	48
7	2	28	25.1	0	-212.4	0	50
7	2	29	25.1	0	-155.4	1	50
7	2	30	75.1	0	-212.4	0	51
7	2	31	75.1	0	-155.4	1	51
7	3	0	175.1	0	-126.9	1	73
7	3	1	137.5	0	-141	1	25
7	3	2	175.1	0	-183.9	0	73
7	3	3	137.5	0	-198	0	25
7	3	4	125.1	0	-126.9	1	72
7	3	5	112.5	0	-141	1	24
7	3	6	125.1	0	-183.9	0	72
7	3	7	112.5	0	-198	0	24
7	3	8	162.5	0	-198	0	26
7	3	9	162.5	0	-141	1	26
7	3	10	187.5	0	-198	0	27
7	3	11	187.5	0	-141	1	27
7	3	12	225.1	0	-183.9	0	74
7	3	13	225.1	0	-126.9	1	74
7	3	14	275.1	0	-183.9	0	75
7	3	15	275.1	0	-126.9	1	75
7	3	16	287.5	0	-141	1	31
7	3	17	287.5	0	-198	0	31
7	3	18	262.5	0	-141	1	30
7	3	19	262.5	0	-198	0	30
7	3	20	237.5	0	-141	1	29
7	3	21	237.5	0	-198	0	29
7	3	22	212.5	0	-141	1	28
7	3	23	212.5	0	-198	0	28
7	3	24	175.1	0	-155.4	1	53
7	3	25	175.1	0	-212.4	0	53
7	3	26	125.1	0	-212.4	0	52
7	3	27	125.1	0	-155.4	1	52
7	3	28	225.1	0	-212.4	0	54
7	3	29	225.1	0	-155.4	1	54
7	3	30	275.1	0	-212.4	0	55
7	3	31	275.1	0	-155.4	1	55
7	4	0	375.1	0	-126.9	1	77
7	4	1	337.5	0	-141	1	33
7	4	2	375.1	0	-183.9	0	77
7	4	3	337.5	0	-198	0	33
7	4	4	325.1	0	-126.9	1	76
7	4	5	312.5	0	-141	1	32
7	4	6	325.1	0	-183.9	0	76
7	4	7	312.5	0	-198	0	32
7	4	8	362.5	0	-198	0	34
7	4	9	362.5	0	-141	1	34
7	4	10	387.5	0	-198	0	35
7	4	11	387.5	0	-141	1	35
7	4	12	425.1	0	-183.9	0	78
7	4	13	425.1	0	-126.9	1	78
7	4	14	475.1	0	-183.9	0	79
7	4	15	475.1	0	-126.9	1	79
7	4	16	487.5	0	-141	1	39
7	4	17	487.5	0	-198	0	39
7	4	18	462.5	0	-141	1	38
7	4	19	462.5	0	-198	0	38
7	4	20	437.5	0	-141	1	37
7	4	21	437.5	0	-198	0	37
7	4	22	412.5	0	-141	1	36
7	4	23	412.5	0	-198	0	36
7	4	24	375.1	0	-155.4	1	57
7	4	25	375.1	0	-212.4	0	57
7	4	26	325.1	0	-212.4	0	56
7	4	27	325.1	0	-155.4	1	56
7	4	28	425.1	0	-212.4	0	58
7	4	29	425.1	0	-155.4	1	58
7	4	30	475.1	0	-212.4	0	59
7	4	31	475.1	0	-155.4	1	59
7	5	0	-424.9	0	-12.9	3	61
7	5	1	-462.5	0	-27	3	1
7	5	2	-424.9	0	-69.9	2	61
7	5	3	-462.5	0	-84	2	1
7	5	4	-474.9	0	-12.9	3	60
7	5	5	-487.5	0	-27	3	0
7	5	6	-474.9	0	-69.9	2	60
7	5	7	-487.5	0	-84	2	0
7	5	8	-437.5	0	-84	2	2
7	5	9	-437.5	0	-27	3	2
7	5	10	-412.5	0	-84	2	3
7	5	11	-412.5	0	-27	3	3
7	5	12	-374.9	0	-69.9	2	62
7	5	13	-374.9	0	-12.9	3	62
7	5	14	-324.9	0	-69.9	2	63
7	5	15	-324.9	0	-12.9	3	63
7	5	16	-312.5	0	-27	3	7
7	5	17	-312.5	0	-84	2	7
7	5	18	-337.5	0	-27	3	6
7	5	19	-337.5	0	-84	2	6
7	5	20	-362.5	0	-27	3	5
7	5	21	-362.5	0	-84	2	5
7	5	22	-387.5	0	-27	3	4
7	5	23	-387.5	0	-84	2	4
7	5	24	-424.9	0	-41.4	3	41
7	5	25	-424.9	0	-98.4	2	41
7	5	26	-474.9	0	-98.4	2	40
7	5	27	-474.9	0	-41.4	3	40
7	5	28	-374.9	0	-98.4	2	42
7	5	29	-374.9	0	-41.4	3	42
7	5	30	-324.9	0	-98.4	2	43
7	5	31	-324.9	0	-41.4	3	43
7	6	0	-224.9	0	-12.9	3	65
7	6	1	-262.5	0	-27	3	9
7	6	2	-224.9	0	-69.9	2	65
7	6	3	-262.5	0	-84	2	9
7	6	4	-274.9	0	-12.9	3	64
7	6	5	-287.5	0	-27	3	8
7	6	6	-274.9	0	-69.9	2	64
7	6	7	-287.5	0	-84	2	8
7	6	8	-237.5	0	-84	2	10
7	6	9	-237.5	0	-27	3	10
7	6	10	-212.5	0	-84	2	11
7	6	11	-212.5	0	-27	3	11
7	6	12	-174.9	0	-69.9	2	66
7	6	13	-174.9	0	-12.9	3	66
7	6	14	-124.9	0	-69.9	2	67
7	6	15	-124.9	0	-12.9	3	67
7	6	16	-112.5	0	-27	3	15
7	6	17	-112.5	0	-84	2	15
7	6	18	-137.5	0	-27	3	14
7	6	19	-137.5	0	-84	2	14
7	6	20	-162.5	0	-27	3	13
7	6	21	-162.5	0	-84	2	13
7	6	22	-187.5	0	-27	3	12
7	6	23	-187.5	0	-84	2	12
7	6	24	-224.9	0	-41.4	3	45
7	6	25	-224.9	0	-98.4	2	45
7	6	26	-274.9	0	-98.4	2	44
7	6	27	-274.9	0	-41.4	3	44
7	6	28	-174.9	0	-98.4	2	46
7	6	29	-174.9	0	-41.4	3	46
7	6	30	-124.9	0	-98.4	2	47
7	6	31	-124.9	0	-41.4	3	47
7	7	0	-24.9	0	-12.9	3	69
7	7	1	-62.5	0	-27	3	17
7	7	2	-24.9	0	-69.9	2	69
7	7	3	-62.5	0	-84	2	17
7	7	4	-74.9	0	-12.9	3	68
7	7	5	-87.5	0	-27	3	16
7	7	6	-74.9	0	-69.9	2	68
7	7	7	-87.5	0	-84	2	16
7	7	8	-37.5	0	-84	2	18
7	7	9	-37.5	0	-27	3	18
7	7	10	-12.5	0	-84	2	19
7	7	11	-12.5	0	-27	3	19
7	7	12	25.1	0	-69.9	2	70
7	7	13	25.1	0	-12.9	3	70
7	7	14	75.1	0	-69.9	2	71
7	7	15	75.1	0	-12.9	3	71
7	7	16	87.5	0	-27	3	23
7	7	17	87.5	0	-84	2	23
7	7	18	62.5	0	-27	3	22
7	7	19	62.5	0	-84	2	22
7	7	20	37.5	0	-27	3	21
7	7	21	37.5	0	-84	2	21
7	7	22	12.5	0	-27	3	20
7	7	23	12.5	0	-84	2	20
7	7	24	-24.9	0	-41.4	3	49
7	7	25	-24.9	0	-98.4	2	49
7	7	26	-74.9	0	-98.4	2	48
7	7	27	-74.9	0	-41.4	3	48
7	7	28	25.1	0	-98.4	2	50
7	7	29	25.1	0	-41.4	3	50
7	7	30	75.1	0	-98.4	2	51
7	7	31	75.1	0	-41.4	3	51
7	8	0	175.1	0	-12.9	3	73
7	8	1	137.5	0	-27	3	25
7	8	2	175.1	0	-69.9	2	73
7	8	3	137.5	0	-84	2	25
7	8	4	125.1	0	-12.9	3	72
7	8	5	112.5	0	-27	3	24
7	8	6	125.1	0	-69.9	2	72
7	8	7	112.5	0	-84	2	24
7	8	8	162.5	0	-84	2	26
7	8	9	162.5	0	-27	3	26
7	8	10	187.5	0	-84	2	27
7	8	11	187.5	0	-27	3	27
7	8	12	225.1	0	-69.9	2	74
7	8	13	225.1	0	-12.9	3	74
7	8	14	275.1	0	-69.9	2	75
7	8	15	275.1	0	-12.9	3	75
7	8	16	287.5	0	-27	3	31
7	8	17	287.5	0	-84	2	31
7	8	18	262.5	0	-27	3	30
7	8	19	262.5	0	-84	2	30
7	8	20	237.5	0	-27	3	29
7	8	21	237.5	0	-84	2	29
7	8	22	212.5	0	-27	3	28
7	8	23	212.5	0	-84	2	28
7	8	24	175.1	0	-41.4	3	53
7	8	25	175.1	0	-98.4	2	53
7	8	26	125.1	0	-98.4	2	52
7	8	27	125.1	0	-41.4	3	52
7	8	28	225.1	0	-98.4	2	54
7	8	29	225.1	0	-41.4	3	54
7	8	30	275.1	0	-98.4	2	55
7	8	31	275.1	0	-41.4	3	55
7	9	0	375.1	0	-12.9	3	77
7	9	1	337.5	0	-27	3	33
7	9	2	375.1	0	-69.9	2	77
7	9	3	337.5	0	-84	2	33
7	9	4	325.1	0	-12.9	3	76
7	9	5	312.5	0	-27	3	32
7	9	6	325.1	0	-69.9	2	76
7	9	7	312.5	0	-84	2	32
7	9	8	362.5	0	-84	2	34
7	9	9	362.5	0	-27	3	34
7	9	10	387.5	0	-84	2	35
7	9	11	387.5	0	-27	3	35
7	9	12	425.1	0	-69.9	2	78
7	9	13	425.1	0	-12.9	3	78
7	9	14	475.1	0	-69.9	2	79
7	9	15	475.1	0	-12.9	3	79
7	9	16	487.5	0	-27	3	39
7	9	17	487.5	0	-84	2	39
7	9	18	462.5	0	-27	3	38
7	9	19	462.5	0	-84	2	38
7	9	20	437.5	0	-27	3	37
7	9	21	437.5	0	-84	2	37
7	9	22	412.5	0	-27	3	36
7	9	23	412.5	0	-84	2	36
7	9	24	375.1	0	-41.4	3	57
7	9	25	375.1	0	-98.4	2	57
7	9	26	325.1	0	-98.4	2	56
7	9	27	325.1	0	-41.4	3	56
7	9	28	425.1	0	-98.4	2	58
7	9	29	425.1	0	-41.4	3	58
7	9	30	475.1	0	-98.4	2	59
7	9	31	475.1	0	-41.4	3	59
7	10	0	-424.9	0	101.1	5	61
7	10	1	-462.5	0	87	5	1
7	10	2	-424.9	0	44.1	4	61
7	10	3	-462.5	0	30	4	1
7	10	4	-474.9	0	101.1	5	60
7	10	5	-487.5	0	87	5	0
7	10	6	-474.9	0	44.1	4	60
7	10	7	-487.5	0	30	4	0
7	10	8	-437.5	0	30	4	2
7	10	9	-437.5	0	87	5	2
7	10	10	-412.5	0	30	4	3
7	10	11	-412.5	0	87	5	3
7	10	12	-374.9	0	44.1	4	62
7	10	13	-374.9	0	101.1	5	62
7	10	14	-324.9	0	44.1	4	63
7	10	15	-324.9	0	101.1	5	63
7	10	16	-312.5	0	87	5	7
7	10	17	-312.5	0	30	4	7
7	10	18	-337.5	0	87	5	6
7	10	19	-337.5	0	30	4	6
7	10	20	-362.5	0	87	5	5
7	10	21	-362.5	0	30	4	5
7	10	22	-387.5	0	87	5	4
7	10	23	-387.5	0	30	4	4
7	10	24	-424.9	0	72.6	5	41
7	10	25	-424.9	0	15.6	4	41
7	10	26	-474.9	0	15.6	4	40
7	10	27	-474.9	0	72.6	5	40
7	10	28	-374.9	0	15.6	4	42
7	10	29	-374.9	0	72.6	5	42
7	10	30	-324.9	0	15.6	4	43
7	10	31	-324.9	0	72.6	5	43
7	11	0	-224.9	0	101.1	5	65
7	11	1	-262.5	0	87	5	9
7	11	2	-224.9	0	44.1	4	65
7	11	3	-262.5	0	30	4	9
7	11	4	-274.9	0	101.1	5	64
7	11	5	-287.5	0	87	5	8
7	11	6	-274.9	0	44.1	4	64
7	11	7	-287.5	0	30	4	8
7	11	8	-237.5	0	30	4	10
7	11	9	-237.5	0	87	5	10
7	11	10	-212.5	0	30	4	11
7	11	11	-212.5	0	87	5	11
7	11	12	-174.9	0	44.1	4	66
7	11	13	-174.9	0	101.1	5	66
7	11	14	-124.9	0	44.1	4	67
7	11	15	-124.9	0	101.1	5	67
7	11	16	-112.5	0	87	5	15
7	11	17	-112.5	0	30	4	15
7	11	18	-137.5	0	87	5	14
7	11	19	-137.5	0	30	4	14
7	11	20	-162.5	0	87	5	13
7	11	21	-162.5	0	30	4	13
7	11	22	-187.5	0	87	5	12
7	11	23	-187.5	0	30	4	12
7	11	24	-224.9	0	72.6	5	45
7	11	25	-224.9	0	15.6	4	45
7	11	26	-274.9	0	15.6	4	44
7	11	27	-274.9	0	72.6	5	44
7	11	28	-174.9	0	15.6	4	46
7	11	29	-174.9	0	72.6	5	46
7	11	30	-124.9	0	15.6	4	47
7	11	31	-124.9	0	72.6	5	47
7	12	0	-24.9	0	101.1	5	69
7	12	1	-62.5	0	87	5	17
7	12	2	-24.9	0	44.1	4	69
7	12	3	-62.5	0	30	4	17
7	12	4	-74.9	0	101.1	5	68
7	12	5	-87.5	0	87	5	16
7	12	6	-74.9	0	44.1	4	68
7	12	7	-87.5	0	30	4	16
7	12	8	-37.5	0	30	4	18
7	12	9	-37.5	0	87	5	18
7	12	10	-12.5	0	30	4	19
7	12	11	-12.5	0	87	5	19
7	12	12	25.1	0	44.1	4	70
7	12	13	25.1	0	101.1	5	70
7	12	14	75.1	0	44.1	4	71
7	12	15	75.1	0	101.1	5	71
7	12	16	87.5	0	87	5	23
7	12	17	87.5	0	30	4	23
7	12	18	62.5	0	87	5	22
7	12	19	62.5	0	30	4	22
7	12	20	37.5	0	87	5	21
7	12	21	37.5	0	30	4	21
7	12	22	12.5	0	87	5	20
7	12	23	12.5	0	30	4	20
7	12	24	-24.9	0	72.6	5	49
7	12	25	-24.9	0	15.6	4	49
7	12	26	-74.9	0	15.6	4	48
7	12	27	-74.9	0	72.6	5	48
7	12	28	25.1	0	15.6	4	50
7	12	29	25.1	0	72.6	5	50
7	12	30	75.1	0	15.6	4	51
7	12	31	75.1	0	72.6	5	51
7	13	0	175.1	0	101.1	5	73
7	13	1	137.5	0	87	5	25
7	13	2	175.1	0	44.1	4	73
7	13	3	137.5	0	30	4	25
7	13	4	125.1	0	101.1	5	72
7	13	5	112.5	0	87	5	24
7	13	6	125.1	0	44.1	4	72
7	13	7	112.5	0	30	4	24
7	13	8	162.5	0	30	4	26
7	13	9	162.5	0	87	5	26
7	13	10	187.5	0	30	4	27
7	13	11	187.5	0	87	5	27
7	13	12	225.1	0	44.1	4	74
7	13	13	225.1	0	101.1	5	74
7	13	14	275.1	0	44.1	4	75
7	13	15	275.1	0	101.1	5	75
7	13	16	287.5	0	87	5	31
7	13	17	287.5	0	30	4	31
7	13	18	262.5	0	87	5	30
7	13	19	262.5	0	30	4	30
7	13	20	237.5	0	87	5	29
7	13	21	237.5	0	30	4	29
7	13	22	212.5	0	87	5	28
7	13	23	212.5	0	30	4	28
7	13	24	175.1	0	72.6	5	53
7	13	25	175.1	0	15.6	4	53
7	13	26	125.1	0	15.6	4	52
7	13	27	125.1	0	72.6	5	52
7	13	28	225.1	0	15.6	4	54
7	13	29	225.1	0	72.6	5	54
7	13	30	275.1	0	15.6	4	55
7	13	31	275.1	0	72.6	5	55
7	14	0	375.1	0	101.1	5	77
7	14	1	337.5	0	87	5	33
7	14	2	375.1	0	44.1	4	77
7	14	3	337.5	0	30	4	33
7	14	4	325.1	0	101.1	5	76
7	14	5	312.5	0	87	5	32
7	14	6	325.1	0	44.1	4	76
7	14	7	312.5	0	30	4	32
7	14	8	362.5	0	30	4	34
7	14	9	362.5	0	87	5	34
7	14	10	387.5	0	30	4	35
7	14	11	387.5	0	87	5	35
7	14	12	425.1	0	44.1	4	78
7	14	13	425.1	0	101.1	5	78
7	14	14	475.1	0	44.1	4	79
7	14	15	475.1	0	101.1	5	79
7	14	16	487.5	0	87	5	39
7	14	17	487.5	0	30	4	39
7	14	18	462.5	0	87	5	38
7	14	19	462.5	0	30	4	38
7	14	20	437.5	0	87	5	37
7	14	21	437.5	0	30	4	37
7	14	22	412.5	0	87	5	36
7	14	23	412.5	0	30	4	36
7	14	24	375.1	0	72.6	5	57
7	14	25	375.1	0	15.6	4	57
7	14	26	325.1	0	15.6	4	56
7	14	27	325.1	0	72.6	5	56
7	14	28	425.1	0	15.6	4	58
7	14	29	425.1	0	72.6	5	58
7	14	30	475.1	0	15.6	4	59
7	14	31	475.1	0	72.6	5	59
7	15	0	-424.9	0	215.1	7	61
7	15	1	-462.5	0	201	7	1
7	15	2	-424.9	0	158.1	6	61
7	15	3	-462.5	0	144	6	1
7	15	4	-474.9	0	215.1	7	60
7	15	5	-487.5	0	201	7	0
7	15	6	-474.9	0	158.1	6	60
7	15	7	-487.5	0	144	6	0
7	15	8	-437.5	0	144	6	2
7	15	9	-437.5	0	201	7	2
7	15	10	-412.5	0	144	6	3
7	15	11	-412.5	0	201	7	3
7	15	12	-374.9	0	158.1	6	62
7	15	13	-374.9	0	215.1	7	62
7	15	14	-324.9	0	158.1	6	63
7	15	15	-324.9	0	215.1	7	63
7	15	16	-312.5	0	201	7	7
7	15	17	-312.5	0	144	6	7
7	15	18	-337.5	0	201	7	6
7	15	19	-337.5	0	144	6	6
7	15	20	-362.5	0	201	7	5
7	15	21	-362.5	0	144	6	5
7	15	22	-387.5	0	201	7	4
7	15	23	-387.5	0	144	6	4
7	15	24	-424.9	0	186.6	7	41
7	15	25	-424.9	0	129.6	6	41
7	15	26	-474.9	0	129.6	6	40
7	15	27	-474.9	0	186.6	7	40
7	15	28	-374.9	0	129.6	6	42
7	15	29	-374.9	0	186.6	7	42
7	15	30	-324.9	0	129.6	6	43
7	15	31	-324.9	0	186.6	7	43
7	16	0	-224.9	0	215.1	7	65
7	16	1	-262.5	0	201	7	9
7	16	2	-224.9	0	158.1	6	65
7	16	3	-262.5	0	144	6	9
7	16	4	-274.9	0	215.1	7	64
7	16	5	-287.5	0	201	7	8
7	16	6	-274.9	0	158.1	6	64
7	16	7	-287.5	0	144	6	8
7	16	8	-237.5	0	144	6	10
7	16	9	-237.5	0	201	7	10
7	16	10	-212.5	0	144	6	11
7	16	11	-212.5	0	201	7	11
7	16	12	-174.9	0	158.1	6	66
7	16	13	-174.9	0	215.1	7	66
7	16	14	-124.9	0	158.1	6	67
7	16	15	-124.9	0	215.1	7	67
7	16	16	-112.5	0	201	7	15
7	16	17	-112.5	0	144	6	15
7	16	18	-137.5	0	201	7	14
7	16	19	-137.5	0	144	6	14
7	16	20	-162.5	0	201	7	13
7	16	21	-162.5	0	144	6	13
7	16	22	-187.5	0	201	7	12
7	16	23	-187.5	0	144	6	12
7	16	24	-224.9	0	186.6	7	45
7	16	25	-224.9	0	129.6	6	45
7	16	26	-274.9	0	129.6	6	44
7	16	27	-274.9	0	186.6	7	44
7	16	28	-174.9	0	129.6	6	46
7	16	29	-174.9	0	186.6	7	46
7	16	30	-124.9	0	129.6	6	47
7	16	31	-124.9	0	186.6	7	47
7	17	0	-24.9	0	215.1	7	69
7	17	1	-62.5	0	201	7	17
7	17	2	-24.9	0	158.1	6	69
7	17	3	-62.5	0	144	6	17
7	17	4	-74.9	0	215.1	7	68
7	17	5	-87.5	0	201	7	16
7	17	6	-74.9	0	158.1	6	68
7	17	7	-87.5	0	144	6	16
7	17	8	-37.5	0	144	6	18
7	17	9	-37.5	0	201	7	18
7	17	10	-12.5	0	144	6	19
7	17	11	-12.5	0	201	7	19
7	17	12	25.1	0	158.1	6	70
7	17	13	25.1	0	215.1	7	70
7	17	14	75.1	0	158.1	6	71
7	17	15	75.1	0	215.1	7	71
7	17	16	87.5	0	201	7	23
7	17	17	87.5	0	144	6	23
7	17	18	62.5	0	201	7	22
7	17	19	62.5	0	144	6	22
7	17	20	37.5	0	201	7	21
7	17	21	37.5	0	144	6	21
7	17	22	12.5	0	201	7	20
7	17	23	12.5	0	144	6	20
7	17	24	-24.9	0	186.6	7	49
7	17	25	-24.9	0	129.6	6	49
7	17	26	-74.9	0	129.6	6	48
7	17	27	-74.9	0	186.6	7	48
7	17	28	25.1	0	129.6	6	50
7	17	29	25.1	0	186.6	7	50
7	17	30	75.1	0	129.6	6	51
7	17	31	75.1	0	186.6	7	51
7	18	0	175.1	0	215.1	7	73
7	18	1	137.5	0	201	7	25
7	18	2	175.1	0	158.1	6	73
7	18	3	137.5	0	144	6	25
7	18	4	125.1	0	215.1	7	72
7	18	5	112.5	0	201	7	24
7	18	6	125.1	0	158.1	6	72
7	18	7	112.5	0	144	6	24
7	18	8	162.5	0	144	6	26
7	18	9	162.5	0	201	7	26
7	18	10	187.5	0	144	6	27
7	18	11	187.5	0	201	7	27
7	18	12	225.1	0	158.1	6	74
7	18	13	225.1	0	215.1	7	74
7	18	14	275.1	0	158.1	6	75
7	18	15	275.1	0	215.1	7	75
7	18	16	287.5	0	201	7	31
7	18	17	287.5	0	144	6	31
7	18	18	262.5	0	201	7	30
7	18	19	262.5	0	144	6	30
7	18	20	237.5	0	201	7	29
7	18	21	237.5	0	144	6	29
7	18	22	212.5	0	201	7	28
7	18	23	212.5	0	144	6	28
7	18	24	175.1	0	186.6	7	53
7	18	25	175.1	0	129.6	6	53
7	18	26	125.1	0	129.6	6	52
7	18	27	125.1	0	186.6	7	52
7	18	28	225.1	0	129.6	6	54
7	18	29	225.1	0	186.6	7	54
7	18	30	275.1	0	129.6	6	55
7	18	31	275.1	0	186.6	7	55
7	19	0	375.1	0	215.1	7	77
7	19	1	337.5	0	201	7	33
7	19	2	375.1	0	158.1	6	77
7	19	3	337.5	0	144	6	33
7	19	4	325.1	0	215.1	7	76
7	19	5	312.5	0	201	7	32
7	19	6	325.1	0	158.1	6	76
7	19	7	312.5	0	144	6	32
7	19	8	362.5	0	144	6	34
7	19	9	362.5	0	201	7	34
7	19	10	387.5	0	144	6	35
7	19	11	387.5	0	201	7	35
7	19	12	425.1	0	158.1	6	78
7	19	13	425.1	0	215.1	7	78
7	19	14	475.1	0	158.1	6	79
7	19	15	475.1	0	215.1	7	79
7	19	16	487.5	0	201	7	39
7	19	17	487.5	0	144	6	39
7	19	18	462.5	0	201	7	38
7	19	19	462.5	0	144	6	38
7	19	20	437.5	0	201	7	37
7	19	21	437.5	0	144	6	37
7	19	22	412.5	0	201	7	36
7	19	23	412.5	0	144	6	36
7	19	24	375.1	0	186.6	7	57
7	19	25	375.1	0	129.6	6	57
7	19	26	325.1	0	129.6	6	56
7	19	27	325.1	0	186.6	7	56
7	19	28	425.1	0	129.6	6	58
7	19	29	425.1	0	186.6	7	58
7	19	30	475.1	0	129.6	6	59
7	19	31	475.1	0	186.6	7	59
